/*--------------------------------*- C++ -*----------------------------------*\
| =========                 |                                                 |
| \\      /  F ield         | OpenFOAM: The Open Source CFD Toolbox           |
|  \\    /   O peration     | Version:  5.x                                   |
|   \\  /    A nd           | Web:      www.OpenFOAM.org                      |
|    \\/     M anipulation  |                                                 |
\*---------------------------------------------------------------------------*/
FoamFile
{
    version     2.0;
    format      ascii;
    class       volScalarField;
    location    "1";
    object      omega;
}
// * * * * * * * * * * * * * * * * * * * * * * * * * * * * * * * * * * * * * //

dimensions      [0 0 -1 0 0 0 0];

internalField   nonuniform List<scalar> 
10486
(
2.8444
2.8461
2.84653
2.84734
2.84852
2.84971
2.85058
2.85097
2.85077
2.84998
2.84878
2.84722
2.84509
2.84312
2.84308
2.84531
2.84656
2.84676
2.84694
2.84696
2.84682
2.84651
2.84605
2.84547
2.83884
2.8419
2.84349
2.84698
2.85089
2.8563
2.86189
2.86649
2.86882
2.86789
2.86313
2.85591
2.84961
2.84489
2.84132
2.83745
2.83616
2.83707
2.83866
2.83945
2.83956
2.83823
2.83863
2.83677
2.83315
2.83815
2.83876
2.84717
2.85289
2.86061
2.86863
2.87641
2.88254
2.88533
2.88387
2.8773
2.86633
2.8562
2.84716
2.83973
2.83526
2.83206
2.83015
2.82932
2.8296
2.8305
2.83109
2.83094
2.83073
2.83906
2.83919
2.84916
2.85599
2.8662
2.87602
2.88588
2.89497
2.90203
2.90615
2.90528
2.89738
2.88354
2.86693
2.85227
2.84137
2.83478
2.83074
2.82852
2.82807
2.82517
2.82722
2.82374
2.83161
2.8422
2.84183
2.85505
2.86346
2.87753
2.89286
2.90581
2.92129
2.93746
2.95192
2.96082
2.95831
2.94091
2.91402
2.8859
2.86314
2.84857
2.83832
2.83276
2.83082
2.82591
2.82845
2.82352
2.83446
2.84865
2.84834
2.86829
2.88067
2.91085
2.9103
2.93296
2.95811
2.98976
3.02123
3.04548
3.0548
3.0334
2.99187
2.95051
2.90473
2.87499
2.86207
2.84684
2.8408
2.83074
2.83411
2.82604
2.84138
2.86253
2.86298
2.89597
2.9211
2.93373
2.97652
3.01964
3.09107
3.18782
3.29269
3.37034
3.40949
3.31995
3.22383
3.11987
3.02399
2.94415
2.90788
2.87701
2.86371
2.84296
2.84805
2.83374
2.85174
2.88163
2.88378
2.93381
2.97103
2.9963
3.09551
3.16931
3.37421
3.66818
4.04576
4.28045
4.26355
4.09978
3.84578
3.4226
3.24712
3.0726
2.98547
2.92275
2.89683
2.86435
2.87345
2.85089
2.86128
2.89871
2.906
2.97628
3.03328
3.08695
3.25987
3.41587
3.83525
4.62497
5.68391
6.58226
6.50042
5.99214
5.28106
4.26946
3.6881
3.30258
3.09885
2.98301
2.93683
2.88943
2.8977
2.86667
2.86868
2.91751
2.93056
3.02432
3.11559
3.20213
3.47047
3.75551
4.58073
6.78988
9.96067
16.0091
19.7064
12.3151
7.87736
6.14154
4.60361
3.73214
3.30873
3.07538
2.9929
2.92128
2.92816
2.89438
2.87325
2.93522
2.9613
3.07848
3.20582
3.33977
3.69681
4.16605
5.39611
9.2491
108.17
346.819
548.622
203.43
17.0462
10.0284
6.82292
4.6551
3.69865
3.25461
3.11412
2.99051
2.99368
2.93438
2.8782
2.95081
2.99569
3.145
3.31825
3.50736
4.01531
4.61506
5.21945
9.71578
484.6
452.651
86.4958
137.104
393.357
26.397
11.899
6.1606
4.28322
3.52628
3.29309
3.09285
3.06803
2.97244
2.8806
2.96946
3.02295
3.21298
3.43653
3.7076
4.48159
5.66405
7.00562
11.8055
53.4979
184.566
149.738
2669.5
512.918
21.6767
8.50334
4.91485
3.75941
3.40685
3.1524
3.10922
3.00878
2.88111
2.99072
3.05429
3.27312
3.55191
3.91246
4.89987
7.3517
17.5389
334.099
713.793
162.364
109.63
136.704
1234.86
565.332
163.244
10.2932
5.27036
3.93607
3.50109
3.20214
3.15922
3.04998
2.88162
3.01102
3.09681
3.34163
3.66533
4.07802
5.09119
7.63179
22.3797
309.212
352.321
160.286
116.353
131.482
455.368
219.735
145.194
9.50906
5.77212
4.31646
3.70899
3.31206
3.23893
3.08375
2.88282
3.02862
3.13089
3.42169
3.7958
4.26942
5.37875
7.38064
15.8308
44.026
272.006
190.878
240.408
232.017
150.755
304.986
254.159
57.5591
8.8478
4.95695
3.96152
3.4338
3.30398
3.10439
2.88534
3.04483
3.15014
3.48315
3.8877
4.41683
5.72947
9.08765
52.8154
279.703
232.222
144.546
96.5736
55.9291
111.058
139.818
166.781
139.108
16.3795
5.12712
4.06295
3.48552
3.32915
3.11433
2.88757
3.06361
3.16973
3.50754
3.93025
4.53701
5.8807
10.4688
176.84
241.569
242.956
107.407
52.3915
46.057
56.6419
149.361
169.866
101.362
13.2385
5.05445
4.07499
3.50053
3.34312
3.12389
2.89076
3.07854
3.18979
3.52728
3.94198
4.76183
5.80596
8.14821
17.5264
95.3196
217.943
119.122
60.5575
56.3759
56.9077
99.8753
158.798
43.9726
8.75179
5.07228
4.10613
3.53074
3.37257
3.1323
2.95302
3.09284
3.2095
3.56853
3.97554
4.74784
5.52949
7.41447
10.2205
34.847
195.976
96.261
71.4434
66.2651
64.7773
71.2177
147.197
59.8856
11.2218
5.55687
4.27762
3.63045
3.44474
3.15235
3.00393
3.10876
3.22614
3.60203
4.02916
4.81975
5.46472
7.2626
13.8167
112.324
128.034
106.879
95.5821
76.9218
72.1802
71.5976
109.96
112.457
26.0329
8.28799
4.9326
3.90184
3.57978
3.17104
3.0527
3.11341
3.22861
3.6061
4.04713
4.87266
5.69666
7.58583
16.7914
126.033
112.172
114.892
113.669
95.0911
78.5799
76.7384
95.6909
115.039
34.957
9.84317
5.27166
4.06418
3.68025
3.20882
3.09289
3.11202
3.2254
3.59986
4.04186
4.8664
5.83317
7.6227
15.2306
116.384
116.97
115.521
94.5304
102.965
82.7963
82.7842
96.5092
112.029
33.6529
9.5776
5.26079
4.08481
3.71616
3.24766
3.09837
3.1054
3.2157
3.57761
4.01937
4.82263
5.78712
7.36822
10.6013
40.2732
91.5968
57.247
103.185
98.1001
82.7127
88.3963
99.806
101.132
26.162
8.22478
5.12148
4.06567
3.72707
3.26282
3.09251
3.08772
3.19234
3.5223
3.9477
4.68309
5.49625
6.73546
8.84689
12.0647
19.9597
87.6827
106.458
89.7266
81.0826
89.4698
96.2051
65.9857
16.834
6.98238
4.93633
4.04807
3.74947
3.35543
3.07859
3.05816
3.15152
3.45505
3.84543
4.63186
5.38763
6.67344
8.83941
15.8192
86.93
103.999
94.4204
82.7864
78.1789
76.9268
83.506
42.767
12.8518
6.51793
4.85469
4.06027
3.79497
3.5366
3.03939
3.03672
3.12305
3.41809
3.81385
4.64663
5.44401
7.07285
11.6836
78.4114
97.8654
92.0523
81.6562
68.6858
65.1355
63.0962
72.5487
37.0013
11.6632
6.3415
4.81611
4.10698
3.8495
3.74133
3.02989
3.03188
3.11768
3.41561
3.82082
4.7065
5.86508
9.5961
45.8114
91.755
86.3201
77.3092
65.3815
59.6717
62.1711
60.117
66.1277
36.0007
11.1803
6.21329
4.77689
4.12244
3.88933
3.84551
3.05004
3.03596
3.12233
3.42648
3.85197
4.84251
6.38244
29.825
84.3111
82.1897
73.2797
61.2165
47.2172
61.3211
63.9176
63.9156
63.6627
33.3391
10.4009
5.96761
4.69256
4.1207
3.90181
3.85473
3.14928
3.05667
3.14328
3.46452
3.91527
5.20516
8.83847
61.5218
81.5506
73.768
61.3172
50.9891
35.5033
48.7968
64.8246
65.7983
52.4794
22.2186
8.46868
5.4343
4.55718
4.09918
3.90067
3.84044
3.32562
3.12339
3.20655
3.56484
4.04583
5.46174
12.712
70.8988
78.5249
68.3234
54.3367
47.6848
31.0794
27.1493
32.55
37.1481
22.8118
12.0857
6.93551
5.10182
4.50173
4.04878
3.88291
3.80507
3.42147
3.19911
3.27469
3.67347
4.19612
5.42409
12.6619
70.9287
76.8077
66.6632
53.0121
49.1875
45.5726
33.1909
20.3198
14.6277
11.7302
8.38613
6.78342
5.06038
4.50327
4.03369
3.84017
3.69957
3.49904
3.25538
3.31431
3.75117
4.28647
5.27728
10.2483
67.5456
75.5415
67.1733
54.2914
51.7319
51.7007
51.1902
47.925
37.3402
16.8638
8.81044
7.80784
5.25513
4.54066
4.03973
3.83068
3.45759
3.62783
3.33393
3.34713
3.79633
4.31867
5.18747
9.90508
48.3192
75.022
70.9402
61.3965
54.0283
53.5828
55.2145
55.9408
52.2138
43.6357
30.4539
15.1913
7.00122
4.81234
4.08301
3.83824
3.33126
3.73488
3.45512
3.40734
3.84401
4.35227
5.12077
7.37745
28.2183
67.3155
70.1197
66.2915
61.0409
57.5089
56.2285
56.928
56.806
51.7649
43.6141
32.3601
15.735
6.50124
4.33802
3.88071
3.32019
3.76398
3.58837
3.51132
3.88143
4.38936
5.10091
6.32217
14.1188
42.2244
63.0211
64.2774
60.9799
57.3831
55.0064
54.9282
55.292
51.9826
46.7285
40.7732
30.6149
13.4737
5.65328
4.07697
3.34789
3.76049
3.67964
3.6342
3.93683
4.48321
5.1024
5.94909
8.62205
20.0619
39.8614
52.8101
55.4255
53.9244
51.3799
50.3489
48.891
47.3533
45.6479
42.4609
37.8698
27.2605
10.2904
4.9293
3.46231
3.73577
3.70851
3.71207
3.99155
4.56393
5.11009
5.90327
6.95294
10.7771
19.5441
29.2814
37.3228
41.0755
40.8837
40.2291
39.2758
39.0885
40.0592
41.6516
39.9693
34.6502
20.6841
7.69639
3.87932
3.72265
3.70916
3.74541
4.02946
4.60714
5.13027
5.91726
6.68607
8.43019
12.1877
18.9028
26.8391
32.5051
34.1569
34.034
33.4523
33.6519
34.6266
38.5186
40.0657
38.245
29.9561
14.7903
5.50174
3.69512
3.65056
3.73383
4.1224
4.73682
5.3996
6.56668
8.10947
10.5522
14.2824
19.8645
26.7446
31.7585
33.3361
33.2635
32.6353
32.5025
33.0323
35.8526
39.6765
39.3733
34.7464
20.8531
7.62271
4.17567
5.97581
5.29862
4.2872
6.22553
6.13291
4.23588
5.86351
6.26142
3.97508
5.18216
5.70653
5.50637
8.47209
6.33462
6.45891
12.8198
8.95405
6.48811
15.7784
13.2149
6.12081
11.133
15.6092
5.45959
7.65983
10.5079
4.43692
6.04711
7.46972
6.2738
8.06235
5.30808
9.44969
48.3597
9.10299
14.9724
120.16
62.5732
20.029
676.701
178.055
6.49443
9.9335
15.3679
4.82958
6.90929
9.25099
5.15911
5.24146
4.4492
8.27339
8.75126
5.29931
79.3786
454.134
10.3003
267.546
1176.77
668.732
628.579
103.229
745.736
7.2553
11.8783
22.9087
5.13094
6.55914
11.3813
5.21259
6.42743
5.29899
8.02814
7.66062
6.45248
809.734
114.929
45.094
947.537
1765.5
139.726
34.5385
786.685
2040.56
12.704
21.0627
397.042
7.30748
9.48883
20.1241
6.91294
14.4164
6.99876
9.67236
155.214
15.8463
184.49
167.45
362.682
1617.82
1878.69
144.247
827.926
640.665
970.49
23.54
184.987
619.178
10.3977
13.0202
139.911
15.9082
19.7368
7.69686
222.893
282.41
22.9858
203.814
187.821
463.595
113.969
114.076
207.571
207.551
204.142
229.747
13.7839
13.6581
164.466
183.949
39.0365
15.9784
468.847
286.869
43.9076
131.603
233.912
201.976
123.643
294.438
241.123
224.58
302.099
167.205
179.461
253.542
302.334
278.822
239.561
285.965
187.96
152.572
228.817
235.195
102.229
145.243
248.322
62.7998
100.231
129.142
106.765
60.742
304.514
137.923
114.067
154.46
148.274
224.81
99.9943
57.4709
100.526
58.6248
45.4602
53.7629
101.011
51.8608
44.6755
3.85905
5.13509
4.4399
3.56405
4.28407
5.00684
4.44076
5.97058
4.48503
5.87101
6.86762
6.77776
6.5039
8.32197
7.9694
6.45056
8.12441
8.41039
5.79603
6.45341
7.19853
4.78936
5.59543
6.23151
3.74401
4.59709
5.86038
4.40791
5.10041
4.0493
7.26397
9.53637
7.20214
13.098
140.852
614.377
8.05331
16.4773
76.9503
5.7411
6.61007
7.18644
3.93145
4.66125
6.54535
6.26387
6.04439
5.51634
150.312
592.283
518.702
689.567
706.314
1230.76
393.48
131.267
99.5319
17.9452
957.223
170.149
10.559
27.2981
1406.19
8.86285
10.6187
13.7343
5.51762
5.07774
5.35004
231.128
39.4634
9.13221
1728.69
161.283
81.6458
351.528
672.129
1488.31
8.95474
11.1625
15.6532
7.16655
11.8959
9.29886
46.7439
414.299
270.847
559.333
442.64
610.101
15.4479
19.1439
42.108
30.2705
45.234
22.5557
989.34
538.452
429.116
268.284
543.754
540.905
120.303
119.554
102.088
2392.05
550.38
125.495
598.204
240.794
471.692
30.1578
34.9237
188.994
19.3864
13.913
7.34577
43.7307
30.4129
19.3672
146.852
196.216
290.13
535.378
720.912
809.607
108.353
164.443
193.818
509.367
142.816
298.299
220.091
213.282
222.4
13.6264
43.4287
239.91
38.7881
282.71
26.5104
96.7211
234.636
80.1332
178.856
199.791
227.197
261.002
143.722
116.774
265.685
168.244
141.433
242.302
233.54
233.389
117.194
89.5653
117.938
80.4664
58.7281
69.7207
57.4083
47.701
46.5667
136.822
135.682
62.6425
5.64016
4.80685
5.00061
6.24417
5.14121
5.18272
5.09906
5.13893
6.20032
6.073
5.15235
4.9734
5.19608
5.21198
6.20526
4.87826
4.63793
5.51641
6.69843
5.84882
5.07554
7.01928
6.22334
6.86469
5.44367
5.95065
7.01339
7.88056
7.04752
6.01883
6.9467
7.41446
10.5622
8.4412
8.37385
6.52493
7.34306
8.01427
6.33217
6.21481
6.42056
5.48103
8.47348
6.66164
6.37362
6.32568
5.45979
5.2548
6.3216
5.87139
6.56277
6.93539
5.93544
5.36034
6.42359
6.09806
7.06799
5.02574
5.73623
6.27314
646.19
68.6365
91.7979
43.1092
61.6825
593.18
7.23994
7.97284
6.74488
8.27748
6.74372
5.76484
7.33388
7.12972
8.17276
4.84618
4.7713
5.29121
9.02837
6.53687
6.35458
5.51798
6.05004
5.87109
47.7914
66.6079
1804.94
1320.72
2848.99
176.458
1937.46
2889.92
1159.27
516.892
1422.68
2255.37
364.496
595.606
1132.1
9.18559
10.443
8.45516
14.5419
10.8943
9.67515
8.97142
7.32644
8.61348
5.22269
5.16257
4.87768
5.97408
5.26663
5.35027
5.50071
5.11515
6.32141
1197.11
361.531
355.459
231.66
355.752
1607.27
164.458
1962.36
192.248
1930.75
379.441
543.226
16.8055
20.4893
16.2763
63.2932
23.3223
17.6699
16.8458
11.6825
14.7659
9.06176
7.59119
6.21013
9.70504
8.0705
10.0999
10.8533
14.2705
26.081
214.542
168.974
225.732
928.995
141.25
184.831
163.212
141.344
935.544
589.81
424.289
417.011
59.4164
208.471
107.154
257.696
228.39
90.8592
64.3472
20.7072
27.3803
19.3576
10.9051
10.1644
65.2925
78.8316
402.773
23.0692
47.7814
50.9653
480.412
545.737
276.09
128.863
465.261
504.287
1205.77
105.605
88.2912
502.019
140.222
900.36
229.918
256.733
260.266
231.63
254.005
228.354
315.186
255.435
228.027
54.2929
36.8689
52.3787
27.2528
33.0707
49.9693
50.636
77.812
71.4867
226.67
1005.23
490.43
215.238
2411.45
215.017
322.466
314.079
236.6
147.379
203.615
223.238
236.734
226.871
290.147
253.859
268.159
140.323
261.4
289.642
242.636
179.37
186.875
157.688
224.903
198.684
192.221
115.412
151.178
142.946
153.535
151.626
120.35
79.4736
112.681
80.2758
139.23
122.488
85.5148
110.026
91.2535
127.297
69.4577
82.4354
106.675
77.6066
79.1962
62.8006
199.108
156.009
292.35
114.097
129.292
123.196
135.906
190.287
189.374
73.3976
85.4705
110.752
47.8892
55.614
74.1639
6.48735
6.77886
6.81851
6.49027
6.9496
6.96737
6.02774
6.22298
6.2909
6.96373
7.02059
6.9752
7.07661
8.43571
10.1196
532.346
1040.35
586.071
6.11442
7.05823
8.37329
5.21703
5.24552
5.16045
88.7738
142.064
302.927
316.674
1040.5
11.1579
12.146
13.4108
6.93869
7.61551
7.61238
122.072
139.16
737.224
507.554
2243.66
19.9291
21.878
24.9456
20.2649
23.4531
20.3871
324.136
495.405
793.623
113.054
114.416
451.441
418.336
474.01
744.45
275.782
261.977
368.296
572.525
145.419
66.7864
142.272
87.8216
90.9078
200.407
214.026
229.334
135.737
127.072
139.126
92.0545
83.0081
88.4356
4.75581
4.84252
5.61962
6.22893
5.87998
5.92066
5.79159
5.84389
6.21632
6.0564
5.55956
5.60602
5.94133
5.90786
6.25281
5.27199
4.7024
4.62208
6.73956
6.60118
6.36339
11.0906
7.69391
8.46121
6.9735
6.97674
6.49811
6.33424
6.39102
6.27586
7.91537
6.82502
8.85177
14.6284
10.4125
7.72342
7.55304
10.5113
15.428
86.5502
32.3112
40.4504
56.6724
47.8941
18.9535
957.001
477.153
3066.3
6.59859
6.67619
6.42345
11.2022
8.85542
7.51837
5.28306
4.76915
4.65762
6.14759
6.66149
9.30205
5.37812
5.45058
5.33908
1275.44
56.7421
25.3591
546.256
452.496
179.961
3061.6
1515.45
2845.15
1107.83
544.3
176.985
13.015
12.3378
11.2308
16.1197
11.2513
16.6601
5.17196
5.15378
5.14122
6.32952
5.82261
5.93769
6.03285
5.8779
6.3556
1116.37
1039.76
381.501
497.453
685.945
2261.25
909.838
649.66
777.121
14.7038
14.8021
13.7
23.7937
21.2233
19.3659
18.7145
17.6438
19.0118
7.47724
7.27394
6.63873
12.3842
11.3236
12.5663
13.9243
14.7457
17.2509
1337.36
281.832
392.088
310.592
277.958
1235.79
677.36
371.733
377.161
27.6934
39.8482
29.0557
214.025
188.414
160.61
115.916
60.3128
75.6168
12.0241
12.1808
19.7464
398.571
76.6005
42.8737
131.542
281.817
538.074
523.891
460.72
154.397
790.652
970.771
533.188
227.016
238.905
229.626
187.657
58.3442
54.099
104.255
81.3748
147.335
44.7583
47.0237
49.9899
235.946
465.521
324.74
1068.42
2160.29
211.431
223.31
296.055
324.276
304.205
287.947
284.845
276.654
371.898
315.665
173.252
192.822
176.567
159.5
156.476
149.764
105.596
112.334
108.709
146.35
139.949
137.707
66.1222
68.2863
65.466
105.736
102.314
96.353
64.5217
64.5128
60.0081
93.3949
97.7255
102.874
53.9424
57.3738
62.8429
69.9478
53.4945
63.3632
6.35534
6.22372
5.84953
6.90258
6.69078
6.61435
6.56119
6.67826
6.8216
6.9597
6.85552
6.49819
6.82422
6.91572
6.46987
6.20728
6.22215
6.06082
6.85061
6.33057
6.17643
6.6804
6.48079
7.02837
5.79543
5.69768
6.02005
7.83611
7.39431
6.99692
6.98815
7.38068
7.91316
90.6797
57.0245
858.167
6.74834
6.75448
7.04016
6.15718
6.00536
6.03196
5.93015
5.97736
6.13049
5.50542
5.80267
5.80665
299.298
439.963
396.448
355.074
482.145
314.162
841.133
1031.25
560.277
1289.38
1091.95
927.32
370.913
302.829
60.4225
44.9147
28.2795
192.389
9.50272
9.75522
8.87728
5.15211
5.38945
5.33724
2827.28
334.013
494.206
334.078
475.71
2685.51
1191.24
882.513
446.654
14.568
13.3842
14.4304
8.30544
8.56548
10.1402
1209.92
486.809
421.404
30.2796
24.2454
28.805
35.0409
27.6174
24.7183
34.5137
30.3763
42.3253
21.7385
26.3903
28.6684
528.243
474.959
891.283
473.918
701.007
285.582
543.705
805.741
591.534
634.914
749.701
553.946
1799.07
228.412
175.45
38.0133
30.3675
33.3035
773.2
530.629
118.375
446.082
205.98
1014.52
737.752
192.914
676.742
213.146
216.397
219.706
219.181
215.249
210.928
217.583
217.59
224.025
121.062
76.9706
73.3408
238.846
209.273
212.523
206.033
182.224
233.598
132.851
150.987
173.658
124.388
137.348
123.037
111.135
117.847
125.699
71.9338
77.4297
86.5769
5.81976
5.83169
6.26716
6.26295
5.85314
5.84352
5.83122
5.73494
6.10512
6.1909
5.85925
5.83772
6.43181
5.92043
6.20793
6.80747
6.97959
7.54352
6.68458
6.88381
6.77718
7.04948
7.05032
6.87354
6.87269
6.66228
6.76653
7.58742
6.97283
7.14884
6.62881
6.64719
7.27804
6.28473
6.40005
6.44303
7.08798
7.66091
7.38347
6.52548
6.99925
7.01204
6.25911
6.46195
6.72897
6.20927
5.97798
6.1373
6.03866
6.07876
6.386
5.51903
5.75307
5.87934
6.56073
6.75305
6.50737
6.22944
6.11484
6.26398
6.34453
6.4595
6.48157
6.29326
6.42707
6.24468
6.76646
6.4978
6.49705
6.75208
6.62066
6.87294
6.4333
6.54372
6.69983
6.58498
6.59438
6.38514
7.3115
6.74248
6.79868
5.8774
5.73549
6.10778
161.025
329.538
972.696
1215
225.993
84.3639
464.5
95.9423
126.918
7.41125
7.08573
6.93716
6.43652
6.913
7.26461
7.58757
7.17197
7.92829
7.20911
7.56673
7.59869
7.53671
7.62175
7.33529
8.20342
7.93571
7.94727
6.76294
7.07482
6.58465
5.73865
5.60007
5.49506
6.02626
5.7428
5.76461
5.49634
5.70891
6.00328
1893.5
282.796
309.148
1512.99
453.095
602.569
393.692
425.133
1642.7
1436.35
1202.18
2050.22
273.467
538.196
5464.2
4464.12
712.853
275.096
2691.54
1488.02
3748.79
914.278
598.131
805.281
9.60191
8.92083
8.30095
9.9986
9.11536
9.60235
8.44796
8.76466
9.40378
12.8643
12.1773
13.0967
11.0582
11.349
11.6035
10.4847
10.7521
9.88424
5.25189
5.18883
5.17131
5.59367
5.58482
5.36569
5.34775
5.57959
5.72898
1111.08
1173.12
1065.5
2415.19
841.189
1049.15
399.031
533.176
872.299
16.9909
15.9794
16.2804
18.3727
19.2146
17.8924
15.5515
16.7299
17.808
8.5054
7.71455
8.01482
11.3427
10.3547
9.40123
12.1623
13.7126
12.3453
259.524
272.491
1318.57
1107.97
270.114
261.145
408.163
374.899
632.431
98.253
68.9987
36.9855
121.774
162.588
145.137
37.0753
48.5321
95.751
70.2364
121.72
83.0032
29.7952
30.0197
23.3336
50.7551
39.5873
38.3284
37.6512
42.813
54.8107
527.193
440.447
584.004
755.832
305.778
280.116
1298.62
338.657
584.795
315.716
126.987
336.717
343.637
714.115
604.199
1406.2
935.334
431.768
248.483
247.123
230.564
259.282
252.932
253.938
247.935
250.227
260.347
240.596
242.451
236.982
251.666
248.799
249.38
225.445
243.891
247.121
226.745
236.61
238.728
48.5369
59.043
65.8585
42.6446
51.2986
44.4382
67.6664
60.2422
50.2927
45.2221
41.209
46.3574
61.4247
49.1313
47.4096
56.0717
52.599
62.0599
525.055
458.462
266.96
255.143
350.641
454.566
516.031
341.813
227.301
524.896
245.296
230.136
332.461
303.747
311.842
263.674
267.003
242.152
221.999
197.79
208.115
234.107
249.914
257.278
274.265
277.323
269.125
217.884
263.176
284.928
204.499
247.63
187.824
238.878
251.894
262.299
177.044
166.546
169.584
174.454
165.355
180.493
150.801
157.634
166.126
213.317
214.982
225.437
193.912
204.626
205.807
204.256
203.413
191.043
123.977
116.819
108.471
129.031
134.361
129.439
83.0198
74.058
73.4684
91.6832
97.5488
90.9957
104.452
110.197
118.629
74.718
85.5037
80.8716
90.8944
86.6872
78.0547
108.067
97.2836
98.1368
77.0935
69.0591
69.0572
72.0259
69.3824
77.5015
60.3916
65.0841
67.9406
300.369
274.462
239.299
118.148
117.37
114.28
106.052
101.642
105.821
68.2903
61.7408
66.6657
16.9259
36.8352
54.8157
122.94
365.292
226.046
678.099
248.149
316.477
111.591
150.517
337.989
308.221
112.487
311.428
494.148
458.144
156.205
125.317
116.805
1743.04
1655.9
3171.46
370.408
169.923
182.813
103.406
111.393
156.519
20.9721
30.2619
83.2036
78.2664
89.8382
368.415
191.734
323.636
1282.59
470.897
563.499
893.93
101.044
161.335
1665.42
519.784
839.001
797.018
1221
1350.59
1893.76
459.479
1512.59
284.049
1473.11
1322.71
1607.48
214.929
154.601
119.164
235.103
218.28
247.632
1516.89
933.527
1023.75
1305.36
1034.26
1609.3
158.973
138.032
163.123
221.459
111.868
98.0877
202.313
207.954
263.163
1077.42
889.758
663.861
415.611
400.048
132.159
326.895
394.987
411.953
1024.2
668.264
434.96
1011.79
1122.23
631.029
839.043
1020.12
777.418
354.227
284.071
217.663
116.961
24.5816
18.0373
201.398
152.983
418.902
58.5401
23.4854
39.0298
1107.07
3401.82
751.834
1282.64
1912.26
2055.54
417.342
274.91
247.667
763.108
528.799
476.428
533.562
634.099
632.712
88.1826
121.307
109.138
2579.86
397.051
375.823
355.4
477.509
582.119
173.098
126.38
166.873
554.613
614.105
711.564
2460.96
1255.82
1166.62
2491.91
5580.98
4129.58
220.106
430.155
410.726
1904.29
1241.55
1456.04
1170.28
1202.02
1397.76
417.966
369.15
498.765
988.432
953.902
997.667
362.189
578.8
705.69
353.535
503.93
356.806
89.5137
213.733
2069.19
2316.51
697.858
2212.48
351.195
531.962
327.304
964.891
942.548
1195.63
151.628
194.538
220.539
948.12
975.27
963.729
455.779
438.066
585.499
525.12
409.133
375.194
638.625
686.555
561.273
249.873
362.944
430.39
518.875
558.72
515.084
548.875
299.273
2339.57
222.608
236.581
423.95
591.136
555.677
482.58
1134.94
611.317
658.124
538.048
583.106
636.637
254.222
386.698
261.9
1309.08
781.619
286.966
3164.13
1302.32
886.674
455.565
1355.9
434.107
1725.95
2600.96
645.727
1204
741.297
793.347
1063.55
1825.36
768.111
1489.58
1338.75
1505.12
281.753
124.189
292.452
502.425
480.544
512.545
5588.47
4056.12
1724.9
1954.82
3716.13
2715
5265.87
1197.08
583.142
497.621
710.326
2734.83
2123.28
1590.41
1728.71
769.379
1003.07
1083.44
754.926
806.079
1408.12
296.624
537.899
573.101
520.385
533.278
286.574
1395.8
1063.15
1007.65
336.906
408.719
509.189
1014.78
513.969
411.396
1104.85
626.34
851.643
312.05
429.724
669.414
438.328
345.668
184.368
564.271
487.254
661.177
239.679
359.323
424.525
92.7948
419.719
1097.79
398.09
392.039
300.613
421.369
388.698
403.559
387.264
383.395
409.147
448.523
657.114
604.047
446.646
504.643
488.296
369.48
486.172
418.551
953.681
1020.76
961.554
1108.86
1030.14
997.65
591.514
667.99
622.266
1162.66
1283.15
1306.22
971.214
119.98
60.8249
341.34
3641.68
816.817
1926.09
5874.23
358.945
384.523
313.629
425.16
821.376
3052.26
2181.83
786.867
3564.8
477.194
686.99
587.378
879.27
548.77
451.333
575.046
730.7
718.674
701.752
725.416
712
606.557
689.519
1106.65
364.364
306.225
644.777
378.186
620.004
1127.99
600.208
523.427
321.252
454.477
1158.88
659.327
766.349
426.926
167.03
214.264
997.31
1200.22
2487.57
1587.73
1530.8
1520.61
502.511
603.762
512.765
1366.12
1534.52
557.912
399.429
420.789
406.085
471.917
445.322
410.095
2798.77
6088.27
2591.66
2408.3
1722.61
1471.03
521.901
323.691
295.175
548.308
413.368
608.535
3941.18
1273.95
1617.5
365.095
666.046
1403.06
1601.8
1605.19
1650.41
2655.17
2011.31
1950.8
850.386
938.866
973.537
1809.84
1696.52
1149.05
1079.79
1144.11
2026.37
1922.69
2014.06
2281.93
409.684
496.328
498.586
2599.97
627.403
672.124
1442.7
932.488
744.238
1001.45
978.303
1020.23
602.412
434.07
433.066
501.46
586.169
594.966
700.983
590.836
528.402
451.586
436.004
498.774
689.761
675.149
532.132
409.883
540.506
407.505
566.076
676.551
499.704
1514.36
965.426
226.893
562.634
581.587
622.697
1117.36
1179.11
891.07
478.703
644.02
513.727
608.497
587.553
454.509
269.321
517.346
503.527
232.599
262.973
281.938
457.512
352.274
349.12
480.405
404.802
592.096
356.122
582.468
2337.62
171.737
193.821
121.551
385.351
425.055
1548.29
733.621
837.901
345.222
690.395
691.963
1103.73
3288.09
1552.8
3425.64
2058.61
2880.13
1159.57
746.529
626.477
870.655
238
295.801
193.528
1160.05
1444.98
1682.84
310.36
866.952
855.291
955.139
782.416
372.005
617.305
325.33
641.401
596.811
1413.9
1714.56
3.0484
3.16184
3.16663
3.01986
3.13048
3.15335
2.97853
3.0462
3.0977
2.93091
2.99599
3.00723
3.06186
3.16242
3.12472
3.12985
3.33621
3.23697
3.23277
3.54704
3.408
3.36968
3.88615
3.7218
3.41472
4.00961
3.96691
3.39822
4.00045
4.00167
3.28642
3.67297
3.8541
3.17888
3.36983
3.48412
3.06388
3.20366
3.28281
2.98259
3.07701
3.11129
3.13692
3.26704
3.15877
3.30957
3.6805
3.36767
3.53397
4.29425
3.75267
4.09584
4.3999
4.28736
4.2838
4.80548
4.70531
4.27737
4.80921
4.80243
4.06795
4.4183
4.56389
3.66711
3.91815
4.06121
3.32839
3.68534
4.15032
3.12602
3.33131
3.60126
3.03033
3.08373
3.19152
3.36171
3.51497
3.34396
3.73908
4.34397
3.69375
4.05841
4.41984
4.07464
4.93867
5.72646
5.17764
5.74466
6.10784
5.95483
5.21665
5.41914
5.5457
4.07972
4.49643
4.84866
3.38826
3.75745
4.45804
3.1922
3.29275
3.51619
3.61185
3.80974
3.56289
5.13369
5.59784
4.91308
12.1071
22.6041
16.8919
18.3669
42.321
33.3048
18.9892
24.7373
25.9916
9.84259
13.4658
19.5791
7.72254
8.06824
8.24999
5.97078
6.41343
6.66258
4.3957
4.80287
5.27982
3.5059
3.69832
4.14127
3.91171
4.21156
3.83869
4.4136
4.486
4.23977
5.69229
5.77183
5.47381
18.6874
31.375
11.2033
432.466
536.402
493.81
454.536
367.276
403.384
37.1541
314.793
494.797
13.9564
21.9803
27.8702
9.58716
10.2666
10.6376
6.43104
6.96032
7.38643
4.09733
4.4696
5.76
4.31323
4.91932
4.21997
4.79476
4.96763
4.7593
24.6695
15.8665
7.53555
1181.05
466.867
218.348
124.777
82.2136
87.3056
89.9542
94.3665
80.6434
199.296
165.061
119.619
18.3313
24.4715
86.8048
4.98297
5.42696
7.9114
4.01377
4.18786
3.82376
5.15108
6.07831
4.72563
6.07404
6.72947
6.08127
22.9736
98.7717
30.6837
85.486
176.096
250.131
173.582
89.5569
110.022
157.524
141.27
172.429
140.373
133.791
159.049
165.883
243.986
692.443
5.9585
6.31187
10.0281
4.31444
4.42365
3.9906
6.27242
6.68502
5.0008
8.89155
9.2581
7.61928
651.815
531.817
542.559
128.703
149.57
215.306
138.518
125.952
90.1659
156.654
151.049
130.433
568.326
669.962
1607
395.885
363.651
503.043
93.6741
110.711
183.114
6.44984
6.56624
10.3033
4.51501
4.62015
4.17845
6.1042
6.11848
5.21677
9.07649
8.70162
7.47701
26.5339
24.9906
21.558
441.405
289.166
182.284
123.11
480.154
157.061
183.57
185.191
155.858
108.027
112.111
124.652
328.847
364.7
188.581
413.944
377.215
327.354
218.817
216.399
216.801
45.6219
47.6481
117.24
6.96264
8.81544
16.528
4.73264
4.82761
4.34266
6.32812
6.80679
5.55688
13.8235
19.7141
8.46461
23.8183
25.8462
16.5172
52.7043
57.2485
46.0285
234.44
213.181
256.945
203.016
169.404
170.015
252.468
145.073
158.702
204.522
139.901
160.983
187.243
159.935
139.942
296.961
220.717
207.388
108.009
191.816
169.175
18.5918
44.0198
125.903
23.8052
66.4135
9.47375
281.016
225.869
218.484
257.814
243.059
224.589
221.666
227.892
236.942
54.7981
50.6574
51.6134
123.75
117.141
95.6593
166.274
174.979
148.312
187.401
175.492
176.234
26.4689
15.2797
9.00799
239.622
164.326
29.7343
242.69
207.023
161.23
162.748
186.339
232.212
55.3897
60.3413
122.075
46.5715
54.3476
57.8216
50.2287
53.8366
53.6919
127.836
85.1857
55.3646
175.662
173.076
116.44
93.2878
21.778
10.1913
167.254
165.263
33.4573
177.636
129.165
213.232
62.9714
71.2079
99.9335
57.0682
64.684
68.6509
55.9724
62.6623
63.8963
76.1872
67.3843
62.7739
167.73
135.333
73.7288
21.8936
43.9704
12.8355
177.726
154.537
92.447
116.798
104.782
138.818
74.1214
90.6172
99.4117
67.1001
75.6224
86.5664
64.8044
70.8683
73.732
67.4033
70.2262
70.4322
120.843
90.0759
70.6702
60.6384
104.433
16.1255
140.554
118.493
126.81
107.29
117.357
114.31
99.9457
115.565
117.673
80.044
98.7204
114.683
72.773
78.4046
90.4798
71.502
75.615
77.0818
85.0287
80.3299
75.3232
107.718
105.172
16.4743
114.89
114.569
118.755
116.095
115.247
113.291
111.505
95.887
114.383
103.979
107.348
98.8119
80.2326
84.4679
102.633
77.0118
81.13
82.1263
80.4753
84.0081
81.234
99.9281
36.8226
11.3537
117.49
113.681
66.0267
117.498
101.914
114.754
90.8801
78.9644
80.2856
106.797
105.485
97.9678
85.1426
84.8753
100.173
82.4385
85.9548
83.0563
85.4494
89.951
87.1862
23.3793
11.5979
9.13168
90.0456
19.8494
13.1349
67.0281
38.3369
21.5546
88.7538
108.179
60.4424
104.292
96.3468
107.981
84.1675
81.4959
91.6668
86.9186
88.7236
81.3485
91.1097
91.2271
89.9208
11.0793
11.6802
8.74127
16.9991
30.9575
12.9138
55.8912
105.434
57.6447
108.001
100.143
106.047
93.8884
87.3871
97.156
80.9084
80.2103
84.3811
88.6303
82.0956
80.4392
90.4058
82.8464
81.4481
12.6306
23.3442
10.2134
58.0652
98.9109
47.3605
104.767
96.7148
99.9503
97.1828
88.2733
95.0094
85.2526
75.7601
85.3084
78.6572
67.3939
72.4229
77.2983
65.0363
66.9106
80.0987
71.8358
65.4001
41.2605
91.2268
24.0491
98.2703
90.8639
93.1628
93.7647
84.1042
89.3796
84.6495
73.5942
81.5302
71.7703
61.4186
70.9143
65.446
62.6095
60.671
62.831
60.0764
62.5674
69.7525
66.5208
60.1789
91.2308
86.1318
83.8686
87.925
78.7717
84.5956
80.292
68.1497
76.5823
69.4853
51.8454
65.0353
58.6648
57.7326
50.7231
62.2852
63.0297
61.2953
59.9804
62.1592
62.8542
65.6334
65.0822
62.4862
83.9972
78.1022
82.3712
75.7007
66.9988
75.6417
64.6191
56.5509
63.992
47.6382
38.0602
52.6589
57.4072
48.7806
38.0238
63.8919
64.8039
54.4969
63.6348
66.2435
65.5884
64.9878
63.5819
66.1488
76.4212
72.4777
79.0766
64.4231
58.4745
69.3488
54.4954
50.1543
55.4764
35.8012
34.0157
47.8419
43.6105
29.5151
30.5505
63.2742
38.5186
30.8499
65.9432
46.857
41.8328
59.9473
40.4441
46.8984
71.5609
70.0559
76.9996
57.2106
55.4898
66.7234
49.5896
49.518
53.0092
35.7748
44.9264
48.6149
27.021
29.9177
42.7021
30.5094
21.4309
26.5588
37.0267
16.7556
20.0046
30.7688
14.9961
16.4674
69.9605
70.2712
76.299
55.4599
56.1921
67.5559
49.8478
51.3228
54.1508
46.8187
50.3415
51.0098
37.8797
49.081
50.1075
22.3571
44.7495
48.4922
15.4927
29.9691
42.7779
13.0162
13.3116
24.3019
4.50414
4.42132
4.16456
5.9057
5.50546
5.63375
5.09243
5.06825
5.40648
4.77721
4.80465
4.2863
4.69727
4.69051
4.3033
4.21376
4.26756
4.00743
5.1631
4.85256
4.89922
5.37851
5.37941
5.61031
5.77302
5.66598
5.27964
7.89608
7.32668
7.584
5.9893
6.2883
6.73591
12.0084
10.4995
10.7497
8.00012
8.46651
9.53619
15.4467
9.35128
9.61297
8.7291
9.20441
14.8891
13.2568
8.8292
8.17841
9.55754
9.00549
13.9469
5.71119
5.76478
5.35313
7.91052
7.32086
7.02459
9.58125
9.08397
9.82859
5.02982
5.26711
4.55018
6.29983
5.85464
5.78202
6.83494
6.60981
7.198
6.76333
6.205
5.90281
7.10411
7.0235
7.58869
5.22992
5.47422
5.56003
10.8641
9.789
8.88806
20.7627
12.043
18.3465
8.74599
9.72125
10.2826
30.7592
24.8217
13.0305
99.9035
65.0957
69.5773
40.8483
48.0877
73.9447
26.5394
26.6441
20.0977
755.692
647.603
682.622
113.001
119.436
210.573
10.3196
9.59336
9.01575
10.7742
9.47955
11.8597
5.50862
6.36989
5.38227
7.20815
6.81745
6.44557
8.25272
7.87059
8.58471
5.23598
4.997
4.90782
5.1124
5.10092
5.27479
4.35944
4.58185
4.67093
8.74722
7.88356
7.46466
7.40587
7.79498
9.10259
200.086
93.8719
55.0578
11.2287
34.8585
28.5536
457.266
413.098
245.232
1389.52
1273.3
1186.22
970.839
2187.16
1165.82
544.435
606.92
735.146
138.393
446.875
261.135
874.053
563.506
425.915
7.9236
8.52081
7.90211
20.6305
18.6099
20.3457
5.44899
6.14226
5.56408
7.59389
6.83391
6.09107
10.4822
9.53988
10.4985
5.0176
5.21241
5.60416
6.24652
5.05825
5.72728
6.33014
5.04207
5.95461
413.639
652.63
1282.22
63.0807
91.6222
77.8522
60.7426
90.9772
59.8331
113.06
278.032
156.193
50.1807
90.4738
51.3391
980.2
1009.23
590.319
159.727
30.8515
123.694
7.96437
9.26733
8.39487
11.5509
10.3429
8.74096
6.56649
7.47135
8.20867
23.6927
13.3341
7.2971
33.4975
16.6211
32.9533
120.796
159.453
116.368
192.597
163.5
147.133
258.37
245.721
297.612
152.34
160.052
159.833
757.631
400.971
458.564
414.83
387.957
730.329
828.091
467.747
502.142
689.62
260.894
276.158
11.261
14.5683
12.9753
17.8896
16.1931
12.1069
17.4411
14.4958
13.4211
15.4847
15.7652
19.8638
7.70771
9.30694
9.2614
290.314
169.432
127.067
160.143
219.601
356.262
23.3392
29.9748
28.2421
271.441
310.867
235.293
170.026
209.992
241.724
506.739
430.199
353.128
89.8912
98.9216
112.666
127.672
116.363
106.948
261.476
326.571
243.436
229.742
238.926
219.055
248.608
239.243
226.589
13.9492
21.4004
20.4516
22.0571
22.4971
13.9056
177.417
120.504
114.071
110.117
67.7978
103.746
34.8398
36.9952
41.2023
18.1754
27.8236
23.9841
122.69
147.772
583.912
245.384
195.596
286.835
149.558
213.598
158.949
226.409
227.859
226.226
240.85
245.417
204.731
175.024
163.026
116.592
270.283
214.233
240.086
228.19
236.983
248.636
219.19
226.993
238.424
194.05
253.841
215.563
156.355
179.673
206.232
284.442
217.32
158.866
280.043
276.573
298.218
276.6
276.279
266.162
248.119
248.345
238.764
161.628
281.362
272.285
186.429
184.618
181.687
227.537
215.602
216.695
161.743
169.252
211.032
98.8875
136.292
255.759
123.535
113.529
121.61
94.7754
97.9842
108.687
293.278
288.465
304.277
126.299
137.309
166.963
114.76
117.774
117.988
152.179
165.233
165.239
196.127
183.086
140.034
219.753
208.465
218.06
62.8674
70.2163
64.4985
99.6091
79.5868
74.4775
47.5349
49.5458
46.0785
59.171
54.1025
50.4269
92.1705
77.4286
87.1465
46.8348
48.3698
57.4483
44.6417
44.882
44.8366
4.19195
4.09158
3.8598
4.80671
4.43289
4.48068
4.13282
4.24051
4.72667
4.41924
4.06532
3.93771
4.45355
4.13878
4.5802
4.98594
4.53671
4.18422
5.18113
4.69519
5.1753
4.17739
4.53615
4.96049
8.14346
7.41196
7.48362
7.1774
7.2426
8.01078
8.27632
7.56394
7.41575
7.64729
7.61706
8.35706
5.01874
5.20376
5.02531
5.76609
5.55427
5.28761
4.03278
4.28324
3.89288
5.1323
4.40785
4.18026
5.05918
4.73358
5.42368
4.731
4.34172
4.18494
4.58612
4.44062
4.80609
3.96107
4.21038
4.32249
8.57238
7.79644
8.729
21.7069
31.4113
15.9091
713.397
44.8222
25.6125
649.912
699.833
570.887
10.6527
12.3264
9.24534
21.4811
14.4004
11.2532
22.6381
16.367
25.7742
5.97551
6.16688
5.86212
6.90569
6.51457
6.35704
5.11829
4.69947
4.43353
5.46503
5.09377
5.6907
1381.77
1219.97
1051.95
457.361
253.773
703.532
102.441
192.952
307.618
226.011
188.214
99.3393
34.1337
174.227
27.1278
614.875
379.749
483.334
422.888
396.913
372.953
15.5644
20.522
12.6637
35.5038
27.7594
23.4227
10.9831
10.3745
10.0681
11.7342
10.8827
12.1034
5.37336
5.28771
5.31799
5.19414
5.28522
5.20212
128.681
75.8755
115.624
22.4528
20.5412
46.136
7.09147
14.6632
17.7654
810.095
686.284
1611.43
123.761
264.357
377.516
120.89
189.008
102.624
297.961
307.299
813.175
9.71116
10.7208
9.82975
12.7824
11.5119
10.1688
8.29045
7.98311
7.04754
11.0499
9.30567
9.8639
258.03
160.119
27.9421
492.686
290.366
262.127
47.1229
229.792
393.818
507.848
507.742
591.117
441.537
470.938
471.63
16.857
19.4584
18.0154
22.7456
21.0767
18.015
1581.41
1451.6
1101.89
583.922
471.347
516.42
542.562
520.492
585.34
279.808
305.85
271.364
556.608
568.45
543.585
114.316
129.871
134.758
116.817
126.141
114.292
94.1575
94.2482
98.4827
586.14
285.742
1063.35
120.281
208.549
329.441
444.34
450.502
422.808
366.343
446.618
383.756
535.251
479.492
440.105
33.8361
61.7088
49.5779
81.5134
66.4656
38.6745
188.973
122.969
125.936
16.4735
10.7695
11.4506
10.0463
10.2781
15.5204
25.8139
27.9462
33.704
20.5352
23.5131
22.0373
199.836
218.391
132.71
180.036
521.305
864.853
254.612
490.894
184.231
534.622
331.95
400.196
382.988
184.983
736.433
109.903
106.603
101.564
166.883
121.496
121.778
195.345
175.346
177.749
329.573
478.236
569.867
164.441
441.414
263.02
260.36
405.432
210.473
14.3764
23.8756
21.6615
127.237
76.2167
167.723
62.3243
31.0391
26.914
247.046
43.2794
125.377
17.9211
31.116
198.018
164.282
96.9111
160.885
53.9009
69.5951
109.663
184.691
190.266
191.173
205.363
198.9
194.702
233.047
223.184
292.534
156.606
192.653
201.907
174.301
189.334
152.296
242.52
248.812
256.125
245.281
243.622
232.012
222.77
240.568
244.517
95.4968
106.858
100.97
127.116
114.854
104.31
62.3409
68.6674
64.2934
77.9564
73.2046
65.7987
52.8986
50.8324
54.9731
46.176
47.991
49.6218
48.5721
47.819
46.0051
136.136
128.782
126.578
111.981
124.391
137.272
75.3387
101.257
83.0398
5.40274
5.4307
5.69438
4.8477
5.07914
5.04397
5.20341
5.17662
4.944
5.17324
5.54665
5.5406
5.51021
5.51543
5.18311
5.11124
5.40876
5.34228
5.46847
5.46357
5.16137
5.11265
5.34275
5.36717
5.28534
5.31725
4.95974
5.1999
5.58014
5.57409
5.47563
5.52621
5.20771
4.88568
5.06706
5.18159
4.91585
5.00708
4.83224
5.58518
5.36136
5.18343
5.58556
5.75841
6.03118
5.12659
5.40195
5.24406
5.66872
5.87134
5.70895
6.47206
6.11714
5.85598
8.27915
7.94657
7.29508
9.86459
8.81867
9.17875
8.45419
7.66505
7.66291
7.5561
7.63156
8.42752
7.5677
6.83417
6.74274
7.30066
7.02058
7.79474
7.98381
7.58252
8.11268
6.6182
6.90584
7.11312
5.43635
5.65197
5.86868
5.4805
5.62334
5.31917
5.72321
6.12036
6.29515
5.62895
5.79274
5.54129
5.24237
5.34854
5.11633
5.93381
5.60948
5.45552
80.9716
149.517
109.864
118.598
116.324
90.9494
49.3411
64.0068
59.7458
83.4546
74.2134
54.0105
558.131
412.259
486.804
7.56573
7.33803
7.64573
6.31874
6.85716
7.19642
6.13702
6.37978
6.00916
4.80205
4.87204
4.91161
4.82308
4.85338
4.7897
5.29331
5.08524
5.07652
7.91695
7.98607
9.00457
6.60344
7.07617
6.99841
58.7494
118.408
87.1008
154.058
146.937
65.1621
1511.34
1525.76
1481.45
1717.09
1407.37
1638.84
3018.15
2139.35
2624.32
1079.84
1214.12
1280.7
2174.58
1424.73
524.61
2245.87
2081.65
2206.58
428.773
483.926
416.984
726.138
573.83
503.933
8.18712
9.03906
9.83292
7.77413
8.02765
7.47072
9.16269
8.50782
8.03586
5.02152
5.1315
5.21908
4.95602
5.03383
4.96096
5.64282
5.80021
6.16699
5.37551
5.54503
5.49128
5.33748
5.46463
5.20522
6.33792
5.7942
5.68714
2110.52
1889.86
1056.69
293.885
427.516
337.61
555.787
513.311
338.46
1985.63
2098.72
2109.02
387.821
180.11
91.8956
2435.63
517.301
1159.06
121.83
198.088
430.538
649.376
606.772
423.27
18.8887
17.0637
18.3846
14.3714
15.855
17.6261
39.674
26.1809
33.9709
19.8275
22.1441
28.6719
12.8309
14.8945
13.4859
17.1608
15.6308
13.4152
7.06281
7.4818
8.04384
6.4776
6.99268
6.67766
9.15263
10.0839
10.7879
8.70784
9.39038
8.62559
17.5239
15.0492
12.8517
21.2306
18.2826
21.4317
199.55
207.881
231.987
182.173
192.385
185.002
238.535
209.17
196.062
144.788
205.104
180.853
268.008
212.889
157.137
180.387
186.627
143.522
423.447
398.631
415.791
386.82
387.746
422.691
183.368
127.117
166.088
50.2337
85.2064
149.666
251.701
227.297
239.264
195.301
213.607
242.259
22.6485
29.805
26.0029
42.7136
34.476
24.0514
15.7386
15.3315
18.5985
11.1146
12.4715
13.3692
11.3605
12.1702
10.6255
144.338
140.376
78.5664
390.501
248.439
256.322
487.631
466.627
441.459
202.508
257.912
128.711
489.133
411.996
394.017
1191.08
761.902
1446.42
94.8512
108.758
142.026
90.7128
95.3186
90.242
485.31
519.819
521.831
230.528
591.59
252.232
910.593
1260.74
1225.07
279.274
257.969
277.162
247.273
249.614
261.934
28.3407
32.43
30.9355
39.2211
35.1825
30.2941
62.0319
56.1907
69.0142
309.848
433.37
252.668
564.537
329.635
306.499
234.931
232.391
220.944
2493.06
1070.53
1554.19
211.999
224.898
245.689
259.959
284.605
331.077
170.585
169.433
146.757
201.644
187.905
189.205
248.845
252.326
233.193
294.36
274.665
270.574
276.12
260.251
254.938
286.194
275.079
289.359
149.479
133.245
137.88
123.776
128.347
146.459
151.876
144.047
147.091
140.231
141.673
151.564
101.116
84.6588
95.3121
69.9794
74.6786
88.9925
134.946
116.137
119.895
104.348
111.186
129.625
98.8899
103.265
97.3948
122.05
109.479
109.983
187.426
236.802
249.723
192.763
217.227
172.338
124.23
120.239
122.926
120.654
120.108
123.01
154.237
160.039
143.08
193.737
176.199
171.312
177.204
178.715
194.277
77.4698
87.388
82.6679
96.3499
91.8128
81.2016
50.0303
53.0976
50.4085
60.2161
56.418
52.5121
7.46511
7.71853
7.36908
9.1049
8.15509
7.7793
9.08022
8.67804
9.69377
7.71333
7.22175
7.77931
76.5487
80.0951
108.521
182.342
81.5923
99.7044
77.5159
80.4755
175.296
746.899
885.013
1304.67
183.702
90.6174
167.861
111.272
90.6586
161.15
108.803
89.4875
111.723
612.68
871.074
1046.69
580.124
707.173
565.969
110.674
119.603
116.561
168.584
131.984
108.519
302.369
206.303
302.527
429.825
409.011
392.268
460.179
434.965
456.9
1500.95
464.733
460.303
273.816
302.095
312.546
275.08
288.845
268.352
435.638
332.711
304.217
464.781
392.261
535.878
120.656
233.431
295.867
102.852
157.612
88.1661
113.352
122.46
174.058
87.2142
100.041
98.6103
115.434
104.744
87.9653
206.093
218.636
211.149
5.57118
5.20671
5.2794
4.94961
5.07589
5.23141
9.68155
10.1026
11.666
8.07825
8.96088
8.63292
9.62425
9.31607
8.32957
7.50295
8.25231
8.62544
7.54528
7.97287
7.27336
9.29979
8.7198
8.36011
13.5052
11.1474
12.4801
9.34984
10.5231
11.5945
8.24268
9.27088
8.46634
8.4456
8.99189
7.84525
11.9774
9.91792
9.12779
12.9946
11.3478
13.4335
62.2667
63.6026
91.6226
34.5761
46.2994
43.1389
55.2911
50.0782
37.2327
55.964
37.2559
37.1432
33.8088
35.1317
51.3427
19.6291
25.9241
24.924
10.5138
10.1254
10.7496
8.25998
9.22599
9.84265
8.01371
8.58686
7.77463
5.05621
5.01693
5.2596
6.46235
6.90052
6.71301
7.17753
7.07891
6.60726
9.30286
7.98249
8.10002
42.3258
79.5567
130
35.574
54.7103
33.5717
450.66
464.899
468.015
197.835
375.087
358.524
2106.23
3385.9
3097.04
826.09
647.472
910.315
351
471.446
668.711
254.649
364.169
242.608
14.1578
16.5392
18.5033
12.5979
14.3629
12.2647
18.4012
16.6092
14.616
492.439
686.687
471.572
526.7
805.097
723.366
1111.19
1009.36
657.447
736.797
873.366
709.266
1053.33
1010.81
787.35
306.617
438.196
398.234
578.511
521.59
369.029
436.385
448.1
738.496
371.503
379.764
378.309
396.527
385.674
372.516
19.8694
15.8364
15.8358
253.594
216.449
348.032
66.891
122.004
142.907
69.9732
91.0704
52.5091
152.749
181.739
144.696
312.543
244.911
215.799
319.893
270.182
376.763
511.443
468.834
513.988
410.866
418.459
468.88
239.731
332.895
250.167
125.482
124.225
184.815
78.7075
119.861
162.378
86.7834
88.5207
70.6507
226.223
134.481
101.908
1280.46
573.175
522.634
557.829
590.207
1497.33
207.742
246.319
243.101
228.819
225.543
219.287
292.616
242.487
245.216
265.555
246.464
298.186
351.097
306.192
231.633
357.053
352.693
380.302
278.184
315.257
335.387
179.498
185.187
184.348
191.443
187.519
185.144
177.153
183.673
183.766
73.5878
66.2981
57.6047
84.5745
115.259
116.311
128.256
198.962
73.8561
941.16
875.156
559.347
1072.28
1183.23
1117.42
975.141
1146.81
977.785
375.895
327.592
345.272
185.292
285.305
366.322
135.065
195.696
96.1564
37.2508
85.8278
123.401
44.2935
70.9276
32.8721
331.889
181.828
120.264
2951.46
3504.68
2681.96
360.445
285.405
273.664
1849.27
501.619
1090.13
1666.27
1788.62
1316.62
456.153
480.14
527.757
430.965
458.412
441.55
491.799
517.261
587.731
525.571
500.059
470.689
1031.81
697.96
747.846
508.42
410.955
377.74
275.034
330.053
367.85
614.793
632.425
538.411
667.699
616.856
593.585
661.471
634.798
718.813
553.318
589.582
596.465
1058.21
446.095
2312.7
206.828
270.16
354.128
670.365
491.456
469.212
414.21
471.553
586.003
124.178
214.807
186.61
453.726
323.935
577.67
243.665
250.98
242.954
187.244
424.746
325.687
603.866
503.923
242.905
128.618
149.138
389.31
87.0999
103.766
97.3315
242.067
306.806
518.98
102.406
144.281
131.49
235.438
194.619
120.387
336.624
654.282
592.406
624.08
689.926
355.377
1325.43
1459.19
1728.79
1262
1339.15
1257.42
238.336
279.12
320.551
313.283
738.658
324.528
2405.95
2041.05
2546.15
670.055
799.823
703.426
923.693
828.005
725.916
1133.33
1968.61
1966.61
885.777
1502.05
1371.36
1860.06
1789.4
1028.28
598.11
515.427
449.083
255.039
457.632
485.204
396.384
428.979
255.028
264.444
508.831
516.398
498.419
506.634
262.03
392.77
395.252
413.299
379.258
384.493
383.398
481.876
513.608
458.966
290.751
345.422
376.496
332.056
342.255
292.074
215.646
421.318
638.898
150.534
361.139
174.735
410.001
493.549
429.586
718.849
601.078
553.766
692.974
1092.66
1164.17
845.267
988.186
515.865
349.376
275.235
264.74
274.008
296.492
395.497
238.573
233.653
223.657
255.674
311.691
273.016
674.568
397.82
290.126
21.1905
23.0737
18.0959
43.4508
30.7695
27.6458
36.2354
34.0328
50.4789
297.405
192.254
203.663
166.657
174.029
251.6
400.297
373.847
511.121
259.334
295.718
299.999
358.458
323.63
280.897
105.178
95.6524
92.6726
158.785
121.314
108.62
110.671
125.671
160.358
326.083
261.79
291.695
197.83
230.412
320.376
113.283
143.491
131.091
157.634
125.069
156.255
131.211
122.015
152.894
154.596
143.485
142.771
267.676
209.842
228.985
168.002
169.466
187.713
140.514
121.591
128.112
24.1851
33.4641
28.1964
41.7767
36.9978
26.9875
81.0589
52.2837
58.2328
282.217
151.626
168.954
867.259
544.506
737.123
780.047
687.313
750.091
122.119
294.182
179.407
398.034
377.591
149.429
1519.79
807.145
869.13
491.182
1103.04
718.929
1308.36
1260
749.46
400.131
950.888
621.595
187.775
180.17
206.98
142.561
156.614
167.477
130.436
143.495
130.064
269.267
235.553
230.666
158.002
159.47
157.514
145.854
154.718
149.379
164.486
159.834
154.118
156.247
128.14
158.31
199.969
218.618
216.893
237.066
227.322
206.24
255.958
247.077
257.849
1468.46
1497.01
1115.03
554.764
883.371
1215.49
417.833
304.51
322.58
233.953
256.746
413.422
898.356
902.322
1020.46
746.677
777.13
855.982
323.518
337.036
420.195
304.33
303.241
224.663
52.2936
35.8538
52.7456
22.1391
26.9326
33.092
20.6128
23.1969
19.9621
196.006
381.563
328.484
332.346
375.93
179.841
46.9881
58.2211
81.0464
26.9871
38.2625
31.0814
63.7395
49.0747
31.3343
342.969
319.966
463.405
284.916
302.811
309.622
246.73
269.807
280.681
93.18
92.8637
89.7039
115.972
102.42
105.478
100.211
101.012
111.535
1958.81
1847.93
3675.83
382.724
742.665
746.91
140.7
148.507
181.552
420.804
390.418
402.348
347.548
355.598
410.666
1396.6
1352.73
1719.83
1387.43
1236.95
1297.52
624.056
430.123
409.072
415.42
447.562
636.848
381.211
356.126
348.875
389.12
365.865
401.391
1018
377.363
813.062
420.738
386.034
496.98
285.946
312.634
349.533
200.33
169.97
166.454
183.208
177.996
211.717
499.79
481.83
504.276
388.622
418.776
454.88
377.756
332.408
319.713
355.689
338.84
409.228
260.003
230.814
228.127
360.43
255.546
330.34
195.598
359.742
457.503
165.494
216.269
171.831
460.717
332.893
237.854
494.896
454.269
451.013
653.927
177.612
127.773
211.962
199.773
863.387
93.9548
161.348
240.183
82.8619
107.603
72.0073
181.462
169.467
167.944
167.194
169.097
187.738
125.325
145.617
140.29
397.909
435.836
413.216
461.875
450.063
413.727
1501.04
690.326
743.285
588.105
1032.25
1378.08
252.99
201.383
194.765
215.458
219.964
261.622
2.94283
2.9798
2.97294
2.9677
3.02982
3.01062
2.99984
3.0899
3.06161
3.02953
3.13346
3.1183
3.04948
3.17214
3.16089
2.8928
2.93873
2.95491
2.98829
3.06813
3.0196
2.93716
2.96977
3.01352
3.02437
3.09613
3.0533
3.41421
3.54946
3.47822
3.71741
4.00614
3.88652
3.43372
3.52323
3.6035
3.18801
3.27425
3.32727
2.95479
3.00233
3.02245
3.14265
3.23509
3.16121
3.50415
3.63702
3.52299
3.8839
4.00133
3.90631
4.71366
4.85803
4.77213
4.26369
4.43023
4.47485
3.56773
3.75676
3.91321
3.03813
3.11289
3.16527
3.29994
3.39144
3.29063
3.96348
4.10798
3.87911
4.76256
4.89481
4.70044
10.7726
12.482
11.4066
16.7083
21.3193
19.9898
11.5268
12.709
13.5304
4.4778
4.70374
4.836
3.17546
3.31465
3.43298
3.47239
3.59763
3.44841
11.2044
12.4511
10.2038
523.155
449.25
486.833
103.075
273.171
444.364
16.2211
17.9581
18.6724
4.3673
4.68164
4.92506
3.41985
3.64154
3.90989
3.70077
3.84637
3.6275
12.4843
11.1845
8.99208
245.722
139.409
226.394
86.8271
79.4699
78.9767
22.2175
25.5353
33.384
5.49672
5.97763
6.8136
3.78728
4.07851
4.54586
14.2897
19.9062
15.8453
61.2123
130.398
98.3472
182.083
160.419
177.545
328.089
236.588
213.267
135.456
145.349
155.154
300.664
350.206
621.243
7.07568
7.49823
9.06067
4.24073
4.46691
5.10062
413.267
537.281
423.49
110.603
104.616
102.253
8.19874
8.20477
10.3056
4.59778
4.86589
5.48469
233.64
160.324
215.564
155.092
161.46
138.393
456.8
436.475
423.29
103.004
88.6331
126.137
5.05828
5.37459
6.43509
8.30338
8.41419
7.56443
18.0959
18.1404
15.8295
193.027
190.483
187.85
245.24
214.621
220.138
302.689
295
295.337
219.826
225.14
235.739
6.22798
7.6375
14.8582
4.91497
5.02122
4.50082
7.19287
7.33351
5.84774
11.347
12.1725
9.55206
255.891
288.532
195.802
272.728
247.124
249.834
117.04
113.819
103.681
150.112
149.411
142.808
165.297
162.391
165.171
50.0128
47.3189
132.725
8.0803
8.03355
15.8652
7.29348
7.1148
5.86642
283.237
242.105
106.541
249.277
246.044
239.474
237.652
252.501
249.226
75.4067
78.1546
115.181
50.011
51.2508
53.1209
46.1262
48.2912
48.361
70.4213
63.2963
54.5122
162.52
163.688
145.511
165.345
116.871
158.543
35.3506
22.9042
58.7532
6.82554
6.5151
5.65752
10.8873
9.60812
7.70187
31.9838
17.7381
12.7
99.5257
66.2824
54.6675
250.866
240.75
216.835
82.9053
82.9491
112.648
59.047
61.7451
63.2843
55.9139
58.4276
58.9726
59.2053
60.2222
58.76
133.331
114.591
87.065
101.604
110.506
157.522
18.6248
18.6271
44.9228
6.25368
6.13082
5.46775
9.33192
9.38006
7.2696
11.3917
12.3065
10.6341
62.0731
87.7367
43.2466
175.294
152.17
173.923
84.4279
86.648
95.0884
69.542
72.4989
74.7731
65.5919
67.8698
68.6219
65.0547
66.8165
66.731
79.9608
75.6174
70.2116
128.28
129.205
126.319
21.3584
31.9847
96.4332
6.1153
6.17395
5.51611
9.84778
10.3771
7.38475
19.1959
20.1819
14.2719
140.381
140.359
122.825
118.009
115.456
121.438
105.511
113.677
114.454
90.2077
99.2183
104.873
74.9523
77.7661
80.8579
71.8409
73.3996
73.8692
72.5653
73.1505
72.7149
127.295
121.873
100.017
58.1852
80.9948
115.349
6.40301
6.56679
5.80613
10.5113
10.4038
7.63406
29.3275
29.9237
16.9331
125.981
122.479
122.994
112.235
111.911
111.643
111.062
107.749
113.304
113.1
111.668
109.464
87.8528
90.8631
98.7677
77.7197
78.9924
79.9604
76.7031
78.1579
78.2025
117.754
115.724
95.2512
91.7732
93.2792
114.008
6.61659
6.62245
5.82739
9.9848
9.3268
7.56565
25.7649
21.0645
13.9612
119.289
117.931
110.998
117.276
119.544
119.475
107.469
100.621
114.533
104.395
103.682
91.8947
95.3438
95.3604
102.622
81.9627
82.5743
83.15
82.9459
84.5825
84.3205
114.203
112.023
98.8254
92.0525
88.2553
108.611
6.60336
6.47126
5.65733
8.66514
8.07447
7.00486
12.3215
11.2134
10.0786
58.6997
33.6473
24.4535
89.3229
53.0434
54.8814
56.5363
54.8559
45.2458
107.305
107.814
106.848
92.2571
90.691
95.9427
82.9734
82.7638
82.2483
88.8361
89.6758
89.342
108.924
104.348
99.2734
78.2937
61.8726
84.3501
6.18215
6.03225
5.40268
7.74822
7.69891
6.65925
9.54245
9.46495
8.73481
13.2494
13.0049
11.9358
24.5059
30.945
21.7041
103.517
107.363
102.745
102.651
99.4916
103.282
85.9082
84.4052
87.8636
82.4677
82.5928
81.0599
89.1909
87.3984
88.0966
98.1654
90.8121
90.1279
43.0179
31.2006
51.5179
6.01155
6.03335
5.39765
7.75144
8.02682
6.77434
9.92318
10.3217
9.10009
21.007
29.3367
19.6308
100.172
102.422
98.7619
102.08
99.0016
100.978
91.4366
88.6911
91.6716
80.9149
78.2922
80.5245
77.91
73.2184
73.808
76.9774
73.0554
72.4635
83.3016
76.6285
77.4967
24.1586
21.2642
38.4981
6.14753
6.49797
5.58908
8.85493
11.4707
7.75589
14.3481
18.0549
13.1612
93.1342
95.2868
90.801
96.7297
93.8517
95.2049
90.0507
86.6057
88.9184
78.5893
75.0786
78.0039
66.6194
64.5715
65.9107
64.4013
63.216
64.0139
64.3275
62.7138
61.5332
70.8048
65.5204
68.6106
20.2895
20.0298
36.4624
6.92802
7.81306
6.07967
21.6696
51.9299
15.1879
79.1881
85.7056
71.0595
90.7973
88.1627
89.4744
84.6087
81.2342
83.152
74.41
70.3718
73.0627
61.3976
57.1207
59.2508
61.3395
61.5976
60.0145
61.4386
61.3788
62.0681
61.3127
61.4984
60.2846
61.2691
58.5072
64.9719
19.8691
19.6106
35.1354
10.067
15.6754
7.06059
72.678
79.0457
48.6589
85.939
84.6166
84.0154
80.166
77.6291
79.8775
70.658
67.2819
70.0404
56.5747
51.982
57.7149
48.3616
45.7673
43.9519
62.9691
62.9966
60.7611
63.8053
65.0306
64.9409
64.5812
65.3494
65.1606
55.7581
49.8874
60.6775
18.8726
17.7255
28.8224
24.6363
33.1617
11.4257
79.9463
79.6904
68.2092
80.6253
79.4497
80.6161
70.8414
68.9427
72.084
58.742
56.56
58.9724
45.5321
44.9413
49.6039
36.4093
33.5075
33.2474
54.2957
47.0315
42.3388
65.556
62.8869
61.1644
65.0013
62.216
63.6853
37.9318
26.3144
36.4726
14.5643
12.0402
16.3927
37.7858
38.6738
12.874
79.0998
78.4249
71.2335
76.7326
76.0956
77.8577
64.6902
63.8155
67.5401
52.427
51.8539
53.5838
44.8232
45.6175
47.7972
28.6745
29.4472
33.6971
27.7844
24.8125
25.3336
34.7611
26.36
25.428
36.1499
27.6427
28.2154
17.2068
11.6352
14.569
9.84108
8.35986
9.52922
38.2811
36.6503
11.6757
77.7845
77.2871
69.9154
75.0154
74.879
76.477
62.8873
62.9716
66.7216
51.5592
51.7346
53.1239
48.5118
49.2881
49.7722
43.8326
46.5918
47.522
28.4378
37.7087
41.0443
18.5657
20.318
23.6537
14.1578
13.8029
14.5346
9.40444
9.27468
11.9764
7.67066
7.55969
8.21162
31.7769
23.6498
6.95873
76.7925
76.0723
61.0617
72.3286
73.1454
75.4438
59.8905
63.6117
69.4368
52.3529
53.5416
56.6124
51.5821
52.4161
52.5803
51.6101
53.6266
52.8202
50.1226
53.8026
53.93
44.0131
50.5791
52.8618
27.4716
41.5722
46.9016
11.1198
22.235
33.0643
74.2526
70.5844
28.2385
73.3334
73.4779
72.2361
67.2147
69.6448
72.083
55.9803
61.235
66.0943
53.473
55.9482
57.7821
54.2934
55.438
55.4513
55.8566
56.6258
55.7952
54.8137
57.3479
57.234
48.3002
53.1122
56.2512
15.8239
12.9783
12.9472
11.2065
11.6408
13.8114
11.857
10.5762
10.013
12.8275
12.5552
15.2499
4.63527
4.71682
4.53775
37.5376
26.0989
33.0669
18.9416
17.3592
14.487
13.2197
12.0674
14.1304
5.00091
5.10378
4.9276
10.9009
14.3551
13.5745
108.792
133.826
122.906
7.44659
6.53533
6.99414
6.76131
5.82
6.52668
90.1111
67.4623
74.5576
44.949
50.7863
50.4753
125.001
123.293
126.137
299.099
199.299
244.654
12.7917
10.6393
8.25256
82.6723
50.1039
86.62
189.455
199.22
175.255
817.209
724.375
896.063
525.569
512.187
679.165
659.242
454.316
427.726
104.484
107.848
115.646
16.3993
18.6155
18.1991
320.391
406.178
542.56
129.47
125.933
121.547
286.803
288.194
300.754
265.828
247.106
232.182
279.809
288.19
287.727
220.65
219.491
227.934
179.412
192.36
256.291
133.909
136.528
141.323
5.08023
4.80744
4.95968
4.32186
4.3486
4.50191
3.76917
3.79035
3.65017
4.34594
4.21192
4.13256
4.72766
4.71785
4.92939
4.60552
4.48841
4.3522
5.68061
5.42091
5.68833
4.36923
4.52666
4.65126
3.84029
3.89123
3.77079
4.67684
4.54695
4.47903
5.55335
5.40473
5.75441
4.53498
4.38699
4.27885
4.8644
4.76044
4.99836
14.6358
15.9266
13.9408
283.032
90.3899
56.295
8.61805
9.11226
8.30364
17.6224
15.9848
14.607
39.1613
29.9086
47.49
4.11111
4.41961
4.08422
6.07574
5.78284
6.19518
540.306
588.601
566.843
114.168
137.342
165.383
116.623
112.782
97.4171
20.0211
22.8771
19.3974
221.777
314.626
248.144
11.4048
12.3771
11.0023
33.6891
32.7996
38.829
7.75386
9.61265
11.3058
75.4542
59.7157
40.2751
551.084
268.78
294.576
162.523
281.982
347.413
568.32
552.577
539.107
499.827
568.496
538.641
117.031
114.663
114.872
119.227
117.205
116.224
838.533
1006.96
606.058
121.753
144.673
150.091
549.263
519.316
527.625
269.163
321.598
271.924
479.554
470.695
467.983
18.5404
14.1656
14.8422
11.6932
11.7874
14.2038
7.37105
8.42512
8.30566
186.774
213.149
229.465
312.824
303.795
266.303
463.443
606.138
704.823
138.963
168.539
168.225
314.646
330.685
294.837
110.68
40.6322
19.6141
213.135
182.529
221.933
39.7144
34.7516
34.3386
277.358
249.101
267.268
21.4713
28.862
48.7676
268.22
277.265
276.597
165.487
171.019
173.235
145.673
149.828
145.019
243.943
251.35
249.407
136.696
133.111
133.072
79.6984
82.4154
92.5999
213.074
193.909
186.984
86.6795
97.4038
160.899
327.722
163.07
207.852
121.467
127.707
132.367
130
117.823
121.18
417.549
362.374
412.773
990.34
937.415
978.176
1695.03
1676.82
1636.96
104.605
98.6342
101.791
156.041
148.44
138.225
185.375
171.515
215.942
158.326
157.814
157.977
115.769
118.122
132.618
126.206
124.612
116.772
85.5109
69.0415
91.6988
3.85032
3.59985
3.59876
3.53603
3.56669
3.80206
4.01985
3.68776
3.67083
3.66648
3.67577
4.00967
3.95326
3.65035
3.65266
3.66599
3.69093
3.94638
3.70614
3.55562
3.52651
3.5969
3.56756
3.72956
3.37591
3.34692
3.26189
3.53752
3.42347
3.51196
3.27883
3.32804
3.43926
3.73197
3.6663
3.52081
4.08098
3.84816
3.92336
3.59337
3.70814
3.9575
3.40758
3.45055
3.31968
3.77133
3.54108
3.54208
3.83093
3.7094
3.92623
3.36312
3.25966
3.23979
3.44067
3.35062
3.47466
3.99329
3.77685
3.63943
4.06779
3.90542
4.05616
3.57592
3.71358
3.86871
4.18216
4.09471
4.00182
4.30319
4.2112
4.27893
3.99901
4.07522
4.18989
5.1825
5.07537
4.81186
5.55077
5.2711
5.37303
4.99125
5.13794
5.3116
4.17605
4.29449
4.18135
4.65442
4.5153
4.37744
4.62305
4.59614
4.78861
3.51448
3.58333
3.43458
3.92233
3.69016
3.59657
4.05235
3.89864
4.18827
5.27218
5.075
4.943
5.34399
5.20167
5.4305
4.80951
5.00169
5.13095
14.2692
13.7607
11.4806
20.4767
16.2457
18.0988
14.0644
15.0371
18.6376
23.7971
22.3326
17.7459
39.7121
29.2203
31.6562
25.7172
27.3889
35.718
11.1602
11.9747
10.6325
15.3167
13.0278
11.9986
15.9197
14.154
17.3511
4.98333
4.82483
5.08853
4.00468
3.94692
3.85961
4.10934
3.99501
4.081
21.4923
15.4162
13.8463
19.7583
18.1037
26.0801
11.0479
13.4783
14.0958
68.011
128.499
57.712
421.105
306.6
153.253
510.529
441.734
474.341
16.4405
17.3744
15.1946
23.6292
19.6455
18.9238
21.5999
20.4578
25.4427
5.28626
4.86714
5.27063
4.50747
4.3332
4.17927
4.62758
4.44917
4.64982
21.8268
15.1863
16.8762
12.2392
13.6233
18.3207
8.298
10.2915
9.32982
97.6152
107.604
156.5
83.407
89.5386
87.065
121.08
96.7361
83.2085
84.4868
81.0002
88.1134
92.0437
81.4307
85.2679
76.0271
77.8557
88.6121
19.6332
21.5349
19.8447
31.5874
24.8022
21.3061
49.576
32.4904
47.9386
7.26848
6.25672
6.7311
5.49241
5.03909
4.8208
5.42966
5.25776
5.78563
31.4293
25.4381
18.019
61.0025
35.6622
47.2407
22.1089
28.1589
41.1894
197.23
166.48
70.8427
197.311
231.181
218.844
224.137
233.145
225.533
134.487
145.316
178.515
92.3395
107.269
102.618
126.54
115.085
99.9001
150.339
192.2
193.929
177.921
190.292
144.549
192.64
185.43
163.149
134.158
131.124
129.993
143.706
136.514
133.03
157.966
151.47
155.389
199.08
249.193
217.707
303.114
275.842
223.359
681.039
403.852
454.024
9.53957
7.76935
8.06572
6.44356
5.67061
5.59572
5.60791
5.74961
6.48084
731.714
663.284
482.341
609.654
646.301
642.013
494.345
608.617
602.537
134.56
119.206
126
109.444
113.767
130.221
95.2802
99.4662
95.567
10.2152
8.2026
7.72613
152.63
141.836
152.321
393.005
213.896
319.638
149.683
160.822
255.271
323.408
215.075
211.924
263.116
225.301
328.775
152.089
174.931
212.674
394.785
442.426
460.378
402.459
422.787
383.821
378.705
412.222
384.565
117.026
79.481
78.8603
14.338
10.1481
10.0214
12.9121
10.7572
15.5891
7.94246
8.87201
10.0803
23.8671
20.7011
20.6654
21.7819
20.9589
24.2685
15.9491
18.4583
19.2763
202.069
195.475
196.865
169.115
188.739
192.61
184.318
185.561
169.066
209.449
211.69
249.085
150.917
174.247
171.371
181.455
177.813
155.506
292.038
293.639
299.861
217.611
263.671
265.235
256.88
261.265
213.425
172.234
208.236
184.63
195.031
206.865
192.293
205.291
208.502
177.789
50.5282
18.7225
15.2459
17.3673
19.7125
63.0998
224.658
253.681
278.162
241.921
236.78
216.677
223.433
290.379
290.326
253.505
248.296
262.888
123.618
119.347
120.661
165.49
157.013
153.807
168.494
162.824
171.655
145.416
153.418
158.152
182.719
170.313
176.229
169.413
163.399
170.794
239.614
247.753
251.919
128.954
215.265
224.475
54.3374
138.11
66.529
243.589
247.326
248.852
179.29
232.96
236.942
221.925
224.682
159.905
176.592
233.007
214.933
243.435
243.154
185.675
247.135
256.988
255.533
55.9239
62.1077
61.2768
66.0791
63.9668
57.8224
120.628
80.714
82.2266
48.8617
49.8739
47.9785
55.2073
52.462
51.5653
55.2037
53.6293
56.3089
50.5796
48.8505
47.2852
53.3263
50.9667
51.9494
50.9813
50.7812
53.3551
113.868
82.2886
96.0311
67.1072
72.7046
98.2905
54.4071
59.978
58.9528
176.472
173.6
172.333
168.601
172.475
175.195
133.754
161.016
151.106
48.1477
30.7522
64.097
14.4487
17.7937
27.3311
10.7086
12.6651
11.3554
153.876
104.172
126.379
104.783
101.969
154.845
37.0051
55.5586
55.5265
161.388
217.832
236.157
166.02
192.316
144.614
217.45
223.909
201.651
65.6832
70.6869
68.3091
75.4607
73.0634
68.444
105.754
82.9774
83.3331
59.6951
60.5986
57.9399
65.6666
63.1698
62.2282
65.9753
64.3709
66.9363
58.209
58.1772
55.7608
62.8318
60.532
60.457
61.4731
60.8838
63.2691
70.9703
63.5533
64.4171
64.558
63.7266
68.3459
60.7485
61.6573
63.3133
160.129
144.905
159.594
110.596
126.757
148.678
78.6236
98.952
87.421
25.43
16.4447
14.4259
25.5859
21.5988
33.2222
11.9297
15.1281
17.7427
178.411
144.405
118.933
155.732
155.257
171.574
66.0677
118.151
135.102
108.615
128.401
144.493
112.723
118.039
104.923
154.377
135.336
124.286
77.7163
81.499
78.0744
94.0445
86.5833
82.9818
95.804
90.5487
97.0127
69.566
70.807
68.1525
78.4512
74.0273
72.2837
79.5312
76.4561
82.2648
66.8851
67.281
65.082
71.5382
69.4267
68.9091
71.0532
70.1357
72.4566
68.0171
67.1866
65.7701
70.1748
68.6813
69.0394
68.6164
68.5518
70.2277
108.438
87.7304
97.3664
77.7435
81.3742
97.8963
70.167
73.3647
72.526
79.8689
33.7377
28.8046
57.4216
43.9583
95.5601
15.2053
22.1187
26.419
130.511
141.02
151.662
125.329
132.199
123.609
126.405
137.61
131.06
113.513
112.571
111.528
115.115
114.895
117.1
117.419
114.407
113.426
108.956
111.744
103.21
115.822
116.344
114.699
117.941
117.398
116.628
85.756
92.3491
84.6353
106.991
100.339
92.3178
111.977
107.299
112.284
74.6516
75.8676
73.6624
80.6568
78.2062
76.5292
85.5169
80.964
84.4283
72.8416
73.1082
71.6494
75.9432
74.542
74.2203
75.5054
74.9079
76.3534
82.041
75.3878
75.9253
76.313
75.5675
80.5403
73.973
74.1469
75.3548
107.992
68.0683
66.0976
65.1085
67.5556
107.364
16.8256
29.6896
28.6982
113.539
117.998
120.359
118.076
117.678
113.626
120.365
120.393
119.71
114.467
113.773
114.563
114.921
113.861
114.38
111.932
112.208
113.606
104.596
103.889
109.913
97.844
100.522
100.08
113.384
108.07
108.768
107.074
110.819
110.519
108.338
109.615
107.747
103.8
109.236
106.495
81.9239
85.3406
83.0986
88.5181
87.1914
83.3675
101.397
93.2013
94.6791
78.4036
78.6059
77.3009
81.0144
79.8494
79.7838
81.1641
80.1452
81.1435
81.4062
78.7278
77.398
81.7958
80.1865
82.4259
79.7056
79.6956
81.3009
87.3161
41.9481
57.8425
20.7733
29.295
59.7945
12.3067
16.9696
14.1238
119.312
119.125
119.01
107.538
117.461
119.018
96.6768
112.46
93.0905
118.148
119.313
117.774
111.126
118.652
115.98
119.474
119.39
114.024
84.6488
86.0435
93.6152
67.6721
76.3481
78.6983
106.289
84.4622
67.9013
106.338
106.853
107.368
106.97
106.775
105.977
92.992
104.208
105.904
85.4251
89.472
89.2427
88.5274
89.2022
85.324
101.709
94.7534
93.6625
83.6928
82.8636
82.0314
84.012
83.5161
84.868
83.2236
82.9541
83.0732
87.124
85.1279
83.4565
88.1427
86.7406
88.6931
85.8073
86.1745
87.6188
16.4891
13.0009
15.755
10.7218
11.527
13.1214
9.54883
10.3972
9.83233
54.0839
44.122
76.1115
17.4684
25.6999
30.6696
16.5237
20.4687
14.9897
43.8474
47.8237
81.9447
29.2608
31.8822
35.9565
31.3615
31.2517
24.2934
99.0109
78.2145
65.8965
104.548
94.3667
105.779
45.6473
68.2932
90.3149
101.91
106.478
107.064
101.279
104.446
99.0486
108.18
107.532
105.867
83.2941
86.4178
87.5638
83.8757
85.1693
82.3539
93.7462
89.0782
87.4825
87.7482
84.7634
84.422
85.4866
85.1053
88.396
81.7597
82.542
82.4127
91.4573
89.9858
89.2999
89.9523
90.1762
91.7022
89.8874
90.0179
89.8918
11.0429
10.2654
10.349
10.6121
10.3092
11.2139
8.72441
9.47371
9.57218
17.3261
14.6286
14.7847
20.8678
16.0565
20.6755
12.0993
13.3948
15.9528
86.6846
54.8785
33.3804
101.272
86.7793
102.08
30.4981
56.1119
87.0802
106.463
107.682
107.901
102.89
106.009
103.322
106.551
107.029
105.166
91.6547
95.5585
98.2694
90.7251
93.0996
89.5198
100.084
96.6361
94.0152
80.6642
81.6802
82.6461
80.7043
81.1302
80.586
86.0558
83.1214
82.1313
87.8741
85.6395
85.7606
82.1449
84.7275
85.7948
81.0159
82.3993
81.2438
88.2186
87.137
89.0948
81.2453
84.4859
86.0192
85.3895
84.4955
80.9064
14.8145
12.0367
11.0775
15.711
13.5923
17.5767
9.44694
11.2254
12.6389
86.054
56.4339
30.9539
95.2227
84.349
97.0971
26.6151
52.4737
81.7532
102.598
103.263
104.037
98.2333
101.058
99.6703
100.691
101.63
99.4629
94.3652
96.7866
99.7543
90.9218
93.9113
91.4799
97.9627
96.0387
93.1204
82.9609
85.6803
88.274
79.1683
82.7645
79.854
88.6693
85.6755
82.3048
74.7932
76.3495
79.5532
68.1471
71.9081
70.5689
76.8357
74.0375
69.7611
72.4136
72.7419
77.654
65.4613
68.5315
68.222
69.7803
69.1491
66.252
76.9315
74.4624
77.8531
68.6892
71.3747
74.2847
68.5331
69.5455
66.6055
74.0388
34.5413
20.3731
84.0497
67.5768
87.9986
16.1729
28.7777
59.021
96.2932
96.597
97.1163
92.2143
94.7539
93.6912
93.3745
94.9109
93.2457
90.767
92.3682
95.3246
86.1199
89.3316
87.5844
92.3483
90.8841
87.8208
80.8061
83.7586
87.5663
75.8658
79.7353
77.1083
85.4346
82.6995
78.5253
68.5027
71.8806
75.2314
63.3163
68.0294
64.907
74.6058
71.7526
66.8414
64.1929
64.1186
65.7257
62.2563
62.8951
63.2583
63.2198
62.5488
61.3839
61.3941
62.0619
63.4059
60.6171
61.1713
60.517
63.199
62.3887
61.7864
68.4407
64.9716
66.5284
63.6198
64.0471
67.0033
60.6001
61.7506
61.3454
90.218
89.1676
88.6858
87.1371
88.6063
88.2472
80.1576
87.0383
86.8219
84.9199
86.5963
89.4502
80.8365
83.7151
81.8588
87.0486
85.4674
82.788
76.2099
79.0073
82.6732
71.3499
75.1862
72.0704
79.8915
77.734
74.1768
63.8441
67.7324
72.0521
56.1559
62.5103
57.1136
68.992
66.1486
61.4185
57.4652
56.4701
59.3992
53.4138
54.5405
57.5753
54.4763
53.7833
50.8517
62.2419
62.1297
62.0829
63.0156
62.4147
62.4183
60.8525
62.1402
62.6384
60.1236
60.4606
60.3981
62.229
60.9907
60.8209
62.2083
61.6176
62.5109
65.4325
63.739
63.5991
64.6862
64.2251
65.0735
61.0447
62.2711
63.5361
81.9184
83.615
85.3878
80.2596
81.8908
79.9421
83.352
83.2625
81.8995
72.6876
75.2228
77.993
70.0344
72.5589
69.7718
77.6859
75.2108
72.9395
61.5258
64.4458
67.712
59.0333
61.5777
58.862
66.9234
64.1391
61.2813
44.021
45.8777
50.3713
39.9267
42.4265
40.8201
54.8408
48.5589
46.4877
55.9873
50.2293
52.203
43.4389
47.2565
53.0299
40.8649
42.8113
39.5975
64.6239
64.0549
63.648
63.3044
64.0799
64.9477
58.657
62.416
59.9321
65.0292
65.0267
63.6648
66.1999
65.9442
65.9654
65.5417
65.8453
66.0226
64.96
65.3254
64.9882
64.982
65.3094
64.5151
65.9464
65.742
65.7179
74.9156
77.4087
78.7592
75.207
76.2231
73.5986
79.8991
78.4125
77.4957
62.1079
65.555
67.6861
62.1038
63.6826
60.1099
70.6065
67.2701
65.8459
52.671
54.7375
56.7508
51.843
53.071
51.1774
57.0198
54.7653
53.3818
34.151
38.481
38.6026
39.6247
39.0338
33.504
48.4791
44.5212
44.5546
38.2432
35.1422
39.2188
28.9774
31.6341
33.3746
31.3402
31.0385
29.1673
57.4368
52.1609
59.8407
35.4336
43.5271
47.8799
36.1024
39.5329
32.857
63.8632
63.6312
65.8613
46.2817
56.3763
56.8784
51.9947
54.9861
44.7656
56.455
59.6123
63.389
42.7973
51.1775
47.5133
56.7848
54.6202
45.4256
70.85
73.7015
74.3675
72.8887
73.2125
70.3492
77.487
75.6126
75.2459
56.3081
59.9073
60.8414
58.9923
59.2949
55.7464
67.0055
63.2325
62.939
49.3692
50.6214
51.0507
50.4846
50.4726
49.3836
53.1646
51.5793
51.5184
38.8308
42.8128
40.7359
46.4928
44.8713
42.2432
48.0955
46.7026
47.66
26.1649
27.3625
27.4329
34.941
28.9026
26.5381
38.4795
33.4005
39.4863
24.847
24.6565
28.9076
22.9037
22.9086
21.9725
25.1639
24.0033
24.4968
28.0625
27.4419
36.3916
17.5175
20.803
20.9497
21.292
20.8844
18.6795
24.5361
26.0801
33.7576
15.6056
19.7215
18.4409
21.0261
20.6988
16.2102
69.9847
72.6889
72.7237
72.9592
72.7405
70.1315
76.4026
74.8236
74.7764
55.5578
59.0291
58.9409
60.2563
59.3821
55.9544
66.9661
63.3144
63.6918
50.2966
50.9138
50.6046
51.9368
51.3474
50.8216
53.4535
52.1494
52.5623
48.2264
48.7879
47.7544
50.527
49.6798
49.3361
50.3764
50.0135
50.7311
43.5233
45.3064
41.347
49.5439
47.8029
46.8958
48.9535
48.4581
49.8712
28.1271
33.1657
24.902
46.489
41.6442
38.5063
45.66
43.9751
47.5638
15.8008
17.7725
16.9378
35.8839
23.143
18.7956
34.1811
28.7575
39.5126
12.5116
13.1601
13.6169
16.4585
13.4647
12.6898
15.9881
14.3904
18.5096
12.537
12.8444
15.667
9.54954
10.9789
10.8765
11.0189
11.0404
9.62825
8.95984
10.0116
9.77298
10.6105
10.3383
9.06451
14.2421
12.0209
12.3237
11.3936
10.9298
12.4613
8.59949
9.57833
9.93539
8.83609
9.20227
8.42914
9.40227
10.8206
10.9505
10.2838
10.5737
9.26476
14.6445
12.2312
11.8231
5.1246
4.90727
4.82484
4.9504
4.97699
5.13926
4.60275
4.73821
4.77773
16.3972
20.5224
26.8394
13.8629
17.0977
13.5938
23.9813
19.4196
15.9659
28.8246
22.1792
23.943
19.0638
21.0928
26.2249
13.5375
16.4028
15.4963
10.4413
10.9946
11.5317
10.2848
10.6434
10.0515
12.8814
11.3424
10.8529
5.67803
5.39778
5.23725
6.02754
5.61596
6.05874
5.06262
5.39292
5.74303
156.275
113.61
135.927
14.5952
14.5894
11.1679
34.4342
20.8743
20.9471
19.1738
20.2332
32.4044
182.283
151.344
118.986
370.105
219.339
270.955
164.745
186.542
308.139
5.47648
5.92688
6.80349
5.2406
5.43071
5.14917
6.21667
5.80449
5.50519
5.60789
5.59542
6.38311
5.05733
5.18965
5.22542
6.05141
5.39646
5.29598
62.5503
64.5451
70.8548
89.3579
70.218
70.1454
71.0191
70.0245
84.2808
70.3697
56.8753
49.185
67.6925
62.6421
80.6621
55.3651
56.0101
59.3625
124.467
122.709
115.949
229.509
147.581
169.225
130.387
134.776
185.934
87.6398
147.427
226.604
44.4724
84.5493
46.694
179.233
137.656
76.523
18.7055
14.0842
17.2711
10.6978
11.9486
15.3874
7.53091
9.30587
8.68136
26.1307
34.0704
49.1664
19.926
26.3844
21.08
50.9223
34.8832
25.1077
132.58
160.842
139.908
201.143
181.889
145.661
150.694
206.103
207.12
526.335
593.088
790.561
429.36
426.102
398.206
528.701
460.613
448.883
400.294
380.244
393.723
380.483
377.058
389.31
710.301
501.042
499.756
470.439
466.762
680.404
271.125
325.903
322.323
320.541
324.615
275.366
91.0461
97.4778
95.5708
101.312
98.7697
93.7198
114.293
108.697
108.767
20.6153
19.4295
17.1455
25.8827
22.3801
23.9177
20.8032
21.3322
24.6179
118.607
242.686
172.332
313.394
295.511
133.52
574.532
461.849
484.277
168.558
136.388
141.594
128.19
131.633
163.498
120.054
122.87
118.686
267.62
276.856
278.159
220.272
257.777
249.579
285.87
269.771
227.232
265.636
257.695
276.219
202.607
233.71
243.43
197.736
219.935
184.152
203.149
266.818
242.15
294.153
286.428
248.506
285.092
292.252
290.895
165.255
191.354
185.501
194.067
194.165
167.801
219.812
216.172
209.382
112.31
145.302
130.745
165.408
157.494
125.143
257.549
202.397
205.966
126.841
131.548
129.966
147.59
136.219
129.57
149.575
143.145
157.97
4.65867
4.63345
4.90659
4.67008
4.46605
4.57882
4.22141
4.27993
4.41222
4.70058
4.53548
4.39264
4.81724
4.63729
4.77445
4.42663
4.50123
4.64831
4.23895
4.3694
4.29141
5.0077
5.20141
5.36797
4.82322
4.98657
4.83434
5.44223
5.20832
5.00617
4.29561
4.40884
4.26526
4.67196
4.54044
4.44369
4.80364
4.68804
4.82428
4.1076
3.96315
3.93166
4.10145
4.00302
4.16283
3.80266
3.92655
3.98912
4.8485
4.60123
4.85277
4.26136
4.469
4.63447
4.27786
4.35203
4.22394
4.97292
5.23669
5.2828
4.92421
5.10816
4.90006
5.62854
5.31219
5.19216
4.54367
4.43649
4.605
4.92286
4.71029
4.59647
24.1973
20.1365
17.8918
24.8034
22.4256
27.2025
14.806
17.5306
19.3217
304.5
160.578
498.008
35.9859
58.5623
84.7973
33.4751
42.9489
29.9489
10.9796
10.2581
9.79036
11.417
10.9025
11.6057
8.63066
9.79448
10.5757
18.8212
17.3912
19.0633
12.9636
15.4208
16.9452
12.4615
13.727
11.8227
20.2645
23.4103
27.478
18.7099
20.6985
18.3695
33.1616
24.4663
21.0647
5.24466
5.59586
5.84394
335.77
515.223
533.975
322.888
394.63
276.442
660.007
606.442
497.257
116.136
123.527
106.642
207.111
155.142
144.631
218.936
176.396
238.955
202.547
142.57
150.25
139.634
138.023
191.365
97.8161
111.278
112.604
49.4622
30.6149
24.2369
77.3317
44.893
85.1967
22.0718
28.7011
40.9993
458.888
402.952
301.581
410.819
429.834
441.082
330.133
388.774
402.421
17.2994
14.7017
13.1864
17.8268
16.3365
19.0983
11.738
13.6977
15.0154
20.4592
26.2095
27.954
26.6229
25.8204
19.9059
40.4891
33.717
38.3333
8.85545
8.99402
7.20607
14.7718
11.3574
11.2944
13.935
12.0447
15.6224
253.928
138.924
188.605
66.0574
96.3883
229.633
33.8977
48.3231
39.0572
76.5863
160.126
86.5153
301.152
262.775
134.966
376.288
333.704
344.778
547.398
547.075
580.116
466.59
489.581
494.712
525.407
511.935
486.283
589.214
578.775
530.896
538.657
576.964
581.625
579.095
580.502
566.023
115.115
114.766
115.12
133.179
123.286
124.306
117.828
120.709
135.26
118.51
119.444
119.187
123.974
121.666
121.751
114.758
116.083
115.582
537.398
906.741
859.052
615.042
880.764
427.902
731.373
1152.13
1194.71
138.871
140.179
120.484
253.202
178.007
168.883
209.233
197.967
306.593
459.069
491.321
499.472
445.673
447.434
444.529
409.715
433.633
431.425
409.763
361.188
307.219
431.786
405.868
435.227
321.414
377.955
424.323
458.903
466.943
492.203
475.201
482.079
476.569
473.645
480.427
463.785
12.8949
13.4793
17.5079
14.7442
12.0206
12.3909
202.701
203.38
180.677
576.663
302.991
299.238
433.156
346.932
688.41
377.051
383.679
336.853
323.294
378.709
450.417
208.83
254.402
211.274
275.459
331.317
218.971
419.171
522.645
399.918
502.399
568.475
499.747
751.897
646.84
523.875
248.605
188.523
144.006
416.147
277.323
377.297
207.806
217.992
297.087
289.807
330.433
305.764
384.647
363.148
337.768
263.636
340.59
321.189
86.224
126.355
168.577
48.7211
37.5417
44.5785
27.7052
32.4636
39.4456
30.5501
30.7781
26.9735
179.38
223.838
269.029
64.3278
141.913
86.833
215.224
181.962
89.3025
20.4817
22.9429
19.2589
48.2549
30.1443
23.9972
106.556
48.3535
106.9
229.434
265.772
261.78
266.345
267.148
225.885
285.823
284.645
289.3
162.8
167.199
161.275
195.72
177.656
173.889
183.168
180.815
198.762
180.366
160.475
155.291
169.79
165.279
185.302
148.394
153.943
158.289
254.3
253.835
254.131
129.745
129.873
126.98
138.462
104.097
118.017
87.7681
93.1578
114.308
682.488
629.8
683.916
1323.92
1941.78
2336.24
227.552
226.361
233.539
188.306
178.057
190.45
164.876
169.959
182.683
180.684
162.061
162.717
163.042
162.299
182.966
179.8
168.423
231.365
401.299
293.313
398.093
76.112
77.6117
75.7826
83.1701
80.5285
78.6353
98.6188
86.2895
91.191
156.122
169.464
197.692
82.6426
116.589
102.53
147.563
134.007
87.6846
79.5587
79.6886
75.6828
90.5946
82.9543
80.6584
169.115
116.594
142.962
148.023
161.004
226.46
101.478
110.183
102.845
173.552
128.719
127.991
106.533
111.194
114.427
102.328
104.922
97.1403
145.692
133.526
138.284
98.8678
110.975
119.968
97.9271
102.806
91.701
114.254
110.593
107.338
759.392
753.735
1317.74
99.0528
61.5728
57.2968
86.8066
76.4345
118.137
48.7128
44.6898
60.6765
555.148
540.222
567.94
780.117
971.106
368.296
2288.68
2355.74
2062.58
100.742
98.8456
104.254
89.4262
93.772
97.4383
96.5913
93.4488
88.8429
158.177
154.772
158.02
114.019
141.179
148.733
119.566
130.667
108.455
125.388
161.858
158.34
153.48
160.597
126.872
166.225
165.909
161.259
145.636
155.268
158.631
132.637
141.185
127.376
157.582
153.923
145.557
124.974
116.182
116.38
119.765
116.793
121.978
142.538
123.285
132.526
148.119
135.492
139.189
146.764
149.618
161.238
133.321
141.435
146.539
3.1866
3.27425
3.23911
3.63543
3.73317
3.73958
241.682
249.837
258.462
84.0098
182.437
48.9061
143.473
143.527
139.383
165.521
164.452
166.01
7.91093
9.12503
15.0828
37.6572
44.5428
49.5138
3.63856
3.56166
3.59603
4.21469
4.11183
4.15143
3.68828
3.71209
3.82398
3.71303
3.61516
3.60344
3.98858
3.97502
4.12329
3.1973
3.20948
3.13395
3.55837
3.50311
3.58899
3.83049
3.77479
3.68036
4.22956
4.12682
4.22323
4.29199
4.20012
4.37545
13.8313
11.7262
11.6856
16.1574
15.3631
17.9546
175.041
175.592
168.374
38.7188
17.0601
19.7082
9.70306
12.3254
13.0422
257.393
268.97
280.38
166.239
161.106
163.591
174.35
170.5
181.204
3.84851
3.78848
3.9031
255.321
249.639
237.864
287.249
256.867
192.708
150.157
145.401
146.182
3.9729
4.01162
4.12804
3.90808
3.83064
3.84682
3.70993
3.64838
3.73902
3.98143
3.86693
3.85525
3.92414
3.82161
3.89589
4.16297
4.07963
3.97315
3.97177
4.11799
4.14523
12.4455
11.9037
13.9351
16.9164
14.5503
13.5173
212.202
186.638
186.015
282.097
273.771
290.252
158.548
158.193
152.124
2.91602
2.95158
2.93332
2.86962
2.89323
2.91159
2.94277
2.99
2.97204
2.88918
2.92781
2.93711
5.05481
5.20955
4.42733
7.80184
6.55895
11.7993
483.095
967.19
3227.13
21687.8
2625.57
2355.52
2554.14
6288.76
30604.4
2027.83
2345.05
3386.48
7680.01
30653.4
3983.66
10348
9554.75
1605.76
1915.4
2769.93
5980.23
31596.7
1512.58
2360.05
4530.48
11311.7
30548.7
1483.14
2207.38
4014.05
9962.4
30520.6
5187.39
6461.92
6470.58
6284.37
30593
2471.97
2593.22
2799.44
3358.12
6109.59
30748.2
1954.76
2404.21
3532.87
7361.25
30599.8
563.928
611.974
1088.13
4072.24
30588.8
747.724
1186.39
2237.85
6094.53
35661
406.051
579.426
1168.24
4543.2
30834.6
3534.15
6474.21
8984.58
10869.1
30633.7
2909.6
3218.51
3801.67
6374.27
30622.2
1714.35
2281.22
3529.14
7689.84
30590.2
951.826
1117.58
1612.93
4438.99
30745.4
3509.94
2967.15
2863.32
6198.25
30570.3
608.193
1672.4
10847
2146.25
2423.93
3323.28
7178.96
30667.3
2806.41
4268.81
10540.8
518.037
792.814
1795.05
5826.51
33202.7
2628.9
3176.09
4899.62
13250.1
30600
1611.01
2641.67
5381.85
13004.9
30589
1481.2
2130.01
3662.15
8723.25
30554.7
2748.79
3079.09
3769.12
6483.66
30571.5
2594.03
2974.41
3816.56
7516.75
30620.4
4643.13
4475.11
3776.94
5649.69
30543.3
543.306
6618.69
8077.17
2364.15
2580.33
3255.71
6432.97
30789.5
2431.16
3438.6
6366.41
20710.4
836.399
1189
1696.15
4432.51
30623
755.867
1185.45
1844.01
4993.58
33136.1
563.7
812.011
1356.34
4568.66
31304
2130.78
4121.93
8334.79
14229.7
30592.2
1566.7
2156.3
3520.84
7934.92
30575.8
410.169
603.39
1302.65
4839.41
31182.6
1428.56
2414.56
4967.44
21115.1
1928.29
2297.28
3452.29
8100.69
30621.4
1994.7
1906.87
2210.59
5336.69
30562.3
5198.63
6920.12
5769.19
427.01
604.864
1269.54
4771.23
32139.2
1586.42
2234.97
4049.37
10718.6
30523.2
1579.2
2305.82
4300.91
11614.5
30579.7
1742.29
2241.68
3711.9
9404.54
30674
1028.41
1168.29
1656.68
4603.79
30820.1
1622.15
3360.44
6450.91
15989.4
30671.3
1059.08
1237.18
1575.49
4656.83
30536.6
5158.02
8577.94
14549.5
22975.8
32210.4
862.166
1096.07
1486
4357.59
30560.7
847.007
1012.91
1476.87
3917.12
30673.2
1700.61
2254.97
3836.61
9886.65
30646.4
1707.61
2629.62
5330.79
14540.8
30660.1
2853.16
3167.12
3818.86
6498.03
30578.8
1851.06
2255.73
3508.45
8460.25
30580.8
1926.92
5257.59
15263
1427.7
1460.49
1848.47
4495.65
30640
1669.2
7642.61
10497.5
971.18
1546.47
1573.57
3620.39
33326.9
1485.63
1922.25
2786.73
5989.96
31070.2
1070.32
1418.73
1898.42
4691.41
30649.8
1613.28
2224.84
3930.08
10395.6
30643.3
1700.68
2300.15
4004.47
10412.2
30672.2
1603.95
2368.51
4585.01
12768.4
30695.2
846.675
1116.51
1795.25
4642.06
30595.7
786.238
1143.37
1882.93
4539.95
30623.2
1781.82
2236
3595.04
8893.42
30624.1
1199.16
14034.7
1138.31
1271.23
1730.63
4482.97
30843.6
2094.06
4995.09
12087.7
20745.2
3912.76
5447.38
8354.89
15375.7
30575.5
3316.94
3363.73
3711.62
6680.39
30564.3
7950.59
9220.39
10747.4
12130
31807.5
2197.26
1608.2
1264.42
2361.9
30918.6
1624.83
2546.77
5124.88
14010.1
30719.7
788.525
991.661
1553.75
4305.94
30600.7
1424.3
1885.1
2751.08
5749.47
30897.6
1444.1
1905.76
2805.9
5989.92
30827.2
563.843
794.793
1631.52
5463.17
35207
444.114
567.475
1211.87
4429.14
30628.7
836.815
1141.2
1932.5
5071.91
30599.1
2160.49
2893.04
11425.4
27012.1
32185.4
869.991
1176.61
1967.16
5060.11
30546.9
801.408
1141.56
2112.15
6456.18
30574.6
1179.87
1433.33
2273.41
6131.5
30605.7
1745.18
2972.86
10381.2
399.746
612.411
1506.47
5532.81
30633.9
429.755
762.005
1943.86
5809.16
30598.5
9785.1
13805.5
14197.9
11576.1
31515.7
2239.68
6280.23
1505.61
1746.3
2610.58
7204.6
30597.1
485.901
655.317
1412.52
5064.72
32000
419.56
707.356
1699.83
5094.6
30651.2
844.903
1146.82
1942.5
5141.06
30585.7
1218.67
1458.25
2241.76
6018.11
30609.6
5270.7
12949.1
26555.3
31273.1
31207.9
1278.06
898.007
1436.14
4789.42
30660.6
3863.94
1932.78
1804.01
5195.01
30641.7
855.462
1151.08
1931.59
4988.47
30585.9
793.289
1122.35
2030.69
5886.25
30601
1214.15
1459.98
2308.77
6180.92
30562.2
807.863
1122.33
1967.53
5482.45
30584.9
5945.29
4577.29
3072.08
5759.37
31045.9
1897.46
2735.5
6017.2
20886.1
1785.99
2576.47
5829.93
20777.6
1922.52
3425.76
10453
2342.67
8431.21
429.385
612.681
1413.24
5118.54
31006.1
436.913
790.215
1953.27
5444.73
30665.8
826.419
1133.79
1963.21
5369.76
30586
4969.05
15125.8
22380.2
22475.6
30872.3
4952.07
896.741
1511.02
3354.55
9973.59
30723.9
1922.41
3369.01
11747.3
24808.4
30658.6
1606.53
1661.84
1396.69
9856.56
30582.8
7208.33
13208
18172.5
20233.9
30610.7
9321.67
9911.12
6560.71
4704.12
30547
2127.39
2336.5
790.762
5392.73
32222.3
1180.27
1089.48
1727.06
4707.56
31818.6
551.482
883.973
2033.63
7680.44
30571.2
1234.98
1466.6
2252.32
6256.22
30535.9
1204.71
1450.05
2243.19
6157.73
30588.2
731.753
1041.48
1820.73
5252.41
33313.9
1322.19
1541.13
2389.75
6296.87
30616.2
1540.65
3028.42
10560.9
8356.89
484.153
693.102
1519.12
6389.89
30590.5
503.254
793.248
1872.6
7584.84
30525.7
774.374
1121.19
2264.76
7638.73
30553.9
994.76
1238.22
2096.44
5306.15
32317.2
2220.12
6666.18
1381.87
1571.34
2429.85
6702
30625.9
1047.59
2341.5
10085.3
648.679
767.457
1211.75
4657.11
30987.4
529.897
864.48
2039.07
7804.14
30669.1
814.207
1117.67
1920.36
5184.2
30577
908.119
1319.88
2223.95
5507.9
31658.9
595.564
910.434
2017.18
7377.23
30529.9
594.377
910.811
1983.92
7006.5
30525.6
1257.96
1526.62
2354.66
6608.79
30603.5
1355.76
1631.62
2467.63
6792.12
30616.3
1237.8
1467.79
2320.42
6233.71
30556
812.514
1124.3
1990.81
5668.8
30606.1
1192.43
1882.66
4007.97
21270.7
1071.69
6074.98
3524.95
523.302
667.898
1337.61
5397.61
30703.4
510.767
810.163
1928.21
7681.98
30603.5
1200.31
1449.45
2260.08
6044.46
30611.4
1193.49
1443.74
2244.11
6045.31
30591.3
905.284
1257.79
2148.41
5518.56
31923.7
2557.55
1596.04
1730.2
2327.42
4453.61
30857.8
901.539
1544.81
3355.18
9075.33
30891.1
741.217
1173.31
2427.14
6961.85
30796.8
674.95
1040.4
2142.38
6596.45
30683.6
630.182
958.208
1995.55
6677.4
30576.2
959.099
1658.61
3849.63
20551
528.724
7450.6
1242.78
1427.18
1970.17
5251.74
30609.5
1226.48
3695.34
10277.1
1450.03
1461.66
2128.1
5996.16
30619.3
605.483
1064.18
2330.81
5719.35
30589.2
1373.21
1470.55
1995.09
5586.96
30567.9
987.268
1423.12
2485.92
6360.9
30538.1
964.028
1396.31
2440.65
6233.45
30570
1412.27
1367.6
1939.44
5256.06
30683.2
662.451
5896.1
878.301
1290.9
1564.5
474.242
32083.8
769.324
1016.1
1804
5289.1
30582.5
542.932
798.629
1781.29
5283.43
30583.8
721.734
967.498
1723.16
5101.06
30648.3
677.046
925.172
1656.24
4898.53
30575.8
644.819
874.486
1796.49
4592.99
30996.7
3896.27
5172.92
3713.04
4035.07
32105.8
4724.55
1098.8
1208.71
1682.34
4574.59
30932.7
972.94
1167.8
1592.48
4627.81
30768.5
854.304
1012.69
1762.97
5978.57
30807.5
759.858
2049.77
10066
709.367
928.546
1473.85
4175.64
30907.9
1376.47
2942.39
10119.4
1215.33
1816.52
3923.58
21297.8
964.881
1494.14
2704.43
6953.71
30613.5
574.938
632.419
1245.1
4873.82
30595.6
592.305
1038.3
2166.87
5252.99
30554.2
925.496
1296.42
2387.07
6544.1
30600.2
943.201
1365.82
2403.9
6162.86
30566.2
1361.08
1592.04
2049.66
5644.62
30547.5
608.933
843.301
1509.13
4589.92
30613.6
3235.62
779.568
1006.65
1511.18
4096.5
30994.4
837.864
1084.52
1649.47
4353.85
30896.2
659.287
996.343
1976.96
5678.16
32359
483.727
5571.54
745.449
1136.71
2681.43
8992.64
30615.7
1085.15
2979.82
10345.3
955.966
1891.57
4750.45
20586.8
1052.76
1262.73
1823.96
4788.94
30596.7
1145.32
1327
1848
4693.32
30619.8
411.133
741.939
1988.27
5835.11
30655.5
788.977
1257.69
3059.06
8797.89
30581.1
611.355
838.751
1521.97
4637.79
30643.6
722.925
781.681
1254.92
4230.91
30583
720.05
1144.31
2115.15
5732.3
34532.1
714.39
366.328
5018.57
17054.9
31792.7
950.8
1385.46
2470.11
6436.42
30617.8
1519.16
1600.41
1963.18
4681.27
30614.2
964.713
1397.15
2470.79
6337.79
30653
962.463
1394.14
2476.86
6388.91
30634.8
391.085
604.773
1419.69
5118.28
32127.7
543.845
755.725
1510.18
5151.84
34476.4
4519.26
766.3
1085.05
2358.58
8577.55
30660.2
988.082
1064.24
1590.24
4253.96
30772.6
942.917
1006.93
1482.73
4086.99
30636.6
849.51
1050.77
1569.03
4506.68
30827
1656.69
5575.95
636.904
1098.1
3119.11
20816.1
836.977
1169.72
2103.16
6061.36
30620.2
847.712
1354.4
3623.77
20614.6
1571.72
1608.75
2003.36
5436.79
30575.1
381.837
621.15
1561.32
5480.14
30852
632.819
860.681
1537.72
4668.89
30589.8
887.654
1372.12
2890.83
7564.29
30543.1
963.976
1425.9
2602.85
6725.66
30499.8
838.306
1218.67
1873.64
4961.65
30574.9
2733.34
898.405
1122.5
1771.45
4778.3
31378.4
770.682
921.905
1559.89
4708.52
31244.3
717.211
942.099
1702.93
5134.83
31933.6
5573.56
9574.46
12541.9
18946.8
31774.3
287.163
308.437
265.852
746.082
8802.1
627.441
931.742
1238.6
1988
8801.98
236.841
241.595
355.794
1214.41
8801.97
240.597
292.051
482.653
1340.45
8801.98
423.484
818.732
1528.04
3286.3
8802.06
586.5
836.175
1224.87
2168.37
8801.93
198.755
195.08
375.193
1367.79
8802.05
490.274
893.753
1454.76
2989.53
8802.06
)
;

boundaryField
{
    inlet
    {
        type            turbulentMixingLengthFrequencyInlet;
        mixingLength    0.0628;
        phi             phi;
        k               k;
        value           uniform 2.84849;
    }
    outlet
    {
        type            inletOutlet;
        inletValue      uniform 2.85;
        value           nonuniform List<scalar> 
24
(
3.69512
3.65056
3.73383
4.1224
4.73682
5.3996
6.56668
8.10947
10.5522
14.2824
19.8645
26.7446
31.7585
33.3361
33.2635
32.6353
32.5025
33.0323
35.8526
39.6765
39.3733
34.7464
20.8531
7.62271
)
;
    }
    top
    {
        type            inletOutlet;
        inletValue      uniform 2.85;
        value           nonuniform List<scalar> 
40
(
2.84547
2.83677
2.83094
2.82374
2.82352
2.82604
2.83374
2.85089
2.86667
2.89438
2.93438
2.97244
3.00878
3.04998
3.08375
3.10439
3.11433
3.12389
3.1323
3.15235
3.17104
3.20882
3.24766
3.26282
2.85
2.85
2.85
2.85
2.85
2.85
2.85
2.85
3.45759
3.33126
3.32019
3.34789
3.46231
3.87932
5.50174
7.62271
)
;
    }
    bottom
    {
        type            inletOutlet;
        inletValue      uniform 2.85;
        value           nonuniform List<scalar> 
40
(
2.8444
2.83884
2.83315
2.83073
2.83161
2.83446
2.84138
2.85174
2.86128
2.86868
2.87325
2.8782
2.8806
2.88111
2.88162
2.88282
2.88534
2.88757
2.89076
2.85
2.85
2.85
2.85
2.85
2.85
2.85
2.85
3.02989
3.05004
3.14928
3.32562
2.85
2.85
2.85
2.85
2.85
2.85
2.85
2.85
2.85
)
;
    }
    front
    {
        type            empty;
    }
    back
    {
        type            empty;
    }
    VAWT1
    {
        Cmu             0.09;
        kappa           0.41;
        E               9.8;
        beta1           0.075;
        blended         false;
        type            omegaWallFunction;
        value           nonuniform List<scalar> 
88
(
1809.84
1696.52
1144.11
2026.37
3288.09
1552.8
21687.8
30604.4
30653.4
10348
9554.75
31596.7
30548.7
30520.6
30593
2471.97
30748.2
30599.8
30588.8
35661
30834.6
30633.7
30622.2
30590.2
30745.4
30570.3
10847
30667.3
10540.8
33202.7
30600
30589
30554.7
30571.5
30620.4
30543.3
6618.69
8077.17
30789.5
20710.4
30623
33136.1
31304
30592.2
30575.8
31182.6
21115.1
30621.4
30562.3
6920.12
5769.19
32139.2
30523.2
30579.7
30674
30820.1
30671.3
30536.6
32210.4
30560.7
30673.2
30646.4
30660.1
30578.8
30580.8
15263
30640
10497.5
33326.9
31070.2
30649.8
30643.3
30672.2
30695.2
30595.7
30623.2
30624.1
14034.7
30843.6
20745.2
30575.5
30564.3
31807.5
30918.6
30719.7
30600.7
30897.6
30827.2
)
;
    }
    VAWT2
    {
        Cmu             0.09;
        kappa           0.41;
        E               9.8;
        beta1           0.075;
        blended         false;
        type            omegaWallFunction;
        value           nonuniform List<scalar> 
87
(
3066.3
4464.12
1077.42
1505.12
3941.18
1617.5
1950.8
35207
30628.7
30599.1
32185.4
30546.9
30574.6
30605.7
10381.2
30633.9
30598.5
31515.7
6280.23
30597.1
32000
30651.2
30585.7
30609.6
31207.9
30660.6
30641.7
30585.9
30601
30562.2
30584.9
31045.9
20886.1
20777.6
10453
8431.21
31006.1
30665.8
30586
30872.3
4952.07
30723.9
30658.6
30582.8
30610.7
30547
32222.3
31818.6
30571.2
30535.9
30588.2
33313.9
30616.2
10560.9
8356.89
30590.5
30525.7
30553.9
32317.2
6666.18
30625.9
10085.3
30987.4
30669.1
30577
31658.9
30529.9
30525.6
30603.5
30616.3
30556
30606.1
21270.7
6074.98
3524.95
30703.4
30603.5
30611.4
30591.3
31923.7
2557.55
30857.8
30891.1
30796.8
30683.6
30576.2
20551
)
;
    }
    VAWT3
    {
        Cmu             0.09;
        kappa           0.41;
        E               9.8;
        beta1           0.075;
        blended         false;
        type            omegaWallFunction;
        value           nonuniform List<scalar> 
78
(
2880.13
1413.9
761.902
1446.42
7450.6
30609.5
10277.1
30619.3
30589.2
30567.9
30538.1
30570
30683.2
5896.1
32083.8
30582.5
30583.8
30648.3
30575.8
30996.7
32105.8
4724.55
30932.7
30768.5
30807.5
10066
30907.9
10119.4
21297.8
30613.5
30595.6
30554.2
30600.2
30566.2
30547.5
30613.6
3235.62
30994.4
30896.2
32359
5571.54
30615.7
10345.3
20586.8
30596.7
30619.8
30655.5
30581.1
30643.6
30583
34532.1
31792.7
30617.8
30614.2
30653
30634.8
32127.7
34476.4
4519.26
30660.2
30772.6
30636.6
30827
5575.95
20816.1
30620.2
20614.6
30575.1
30852
30589.8
30543.1
30499.8
30574.9
2733.34
31378.4
31244.3
31933.6
31774.3
)
;
    }
    SHAFT
    {
        Cmu             0.09;
        kappa           0.41;
        E               9.8;
        beta1           0.075;
        blended         false;
        type            omegaWallFunction;
        value           nonuniform List<scalar> 8(8802.1 8801.98 8801.97 8801.98 8802.06 8801.93 8802.05 8802.06);
    }
    AMI1
    {
        type            cyclicAMI;
        value           nonuniform List<scalar> 
180
(
6.37545
6.99235
6.35299
6.46326
20.4921
22.5027
100.909
98.0691
6.68739
6.38605
6.33359
7.08639
5.95325
8.56871
5.30289
9.25582
223.93
97.6126
231.012
230.881
6.87137
6.95541
6.87624
6.39011
6.2329
6.11606
6.30804
6.30138
6.50562
6.89649
6.86907
7.21959
6.33423
9.73445
5.43365
16.3372
17.2039
10.578
50.9569
79.7709
57.818
40.8199
252.139
227.933
50.073
48.6224
239.067
172.877
194.876
113.106
118.931
77.3043
82.728
110.736
80.4058
286.983
6.55421
6.66857
6.36885
6.19016
6.16447
6.9957
5.2141
5.177
7.58169
19.2847
23.3478
6.61833
6.54438
6.36303
6.21511
6.29829
6.58872
5.44833
5.32134
12.51
11.9995
6.0019
14.5929
13.0352
18.9671
14.2214
16.615
26.1645
194.396
166.017
237.259
219.972
47.3717
290.55
157.61
150.897
104.094
145.106
138.143
66.3544
63.7045
93.76
62.9195
63.9346
6.80253
6.79985
6.45917
6.33096
6.2533
6.16782
6.96244
6.95461
6.1437
6.05302
5.15755
8.2404
33.9563
27.5648
215.715
219.994
218.203
180.884
119.801
137.436
6.90198
6.92171
6.99461
6.58672
6.47204
6.3942
6.23118
6.17739
6.23132
6.43284
6.36202
6.47382
6.52821
6.49325
6.7048
6.80878
6.38756
7.47444
8.15628
7.88425
5.64103
5.77204
9.55124
9.22211
10.547
10.9184
5.66957
15.8391
18.0152
12.3489
33.4699
118.614
45.871
52.9717
248.789
252.169
240.202
249.119
53.7907
56.7759
57.1798
46.2569
59.5144
307.458
266.138
274.728
257.707
239.835
166.205
180.781
214.393
205.097
107.171
128.737
71.8665
88.6529
89.9924
98.9925
72.2391
66.3541
)
;
    }
    AMI2
    {
        type            cyclicAMI;
        value           nonuniform List<scalar> 
184
(
6.67422
6.16378
5.21956
22.7263
18.7447
98.4392
6.35332
6.37688
6.62307
6.20675
5.32839
12.5804
6.42479
13.1355
20.6957
6.93186
16.314
196.858
220.962
151.275
145.721
63.9523
62.9423
101.195
6.84225
6.27899
16.4165
52.1697
220.791
116.929
120.062
83.6071
6.39087
6.38396
6.2277
6.33102
6.905
6.27357
6.35698
6.46679
8.28002
8.83169
5.28204
5.42507
17.3334
9.10464
10.4195
84.119
56.4692
231.87
56.626
254.114
223.705
105.485
113.355
77.8585
6.53339
6.18468
6.986
6.99132
5.17421
26.5191
22.4762
94.3783
6.35948
6.36811
6.56251
6.29381
6.71318
6.50047
5.43636
12.1607
5.9765
14.8797
19.1323
7.5072
13.8895
163.576
236.568
46.0265
50.4356
302.751
281.172
157.07
137.691
67.2063
63.5301
104.272
6.78667
6.65128
6.80129
6.18587
6.24257
6.94445
7.16123
6.12931
5.93471
6.05437
15.9382
34.0391
26.7537
32.6755
215.502
216.247
222.963
105.073
73.4726
209.146
155.444
131.177
128.354
89.4386
6.39329
6.44922
6.22787
6.32922
6.86504
6.95571
6.99169
6.95209
6.92571
6.48366
6.57146
6.16688
6.11212
6.23232
6.30654
6.33669
6.42789
6.45681
6.50808
6.88807
6.92679
6.51331
6.63285
6.83653
7.28732
7.69499
7.96931
5.75666
5.62111
9.57158
9.90842
9.35107
11.1291
10.6968
5.156
5.6566
18.1581
8.10992
12.0904
116.491
44.5382
39.1395
51.35
252.267
247.755
240.936
252.222
249.048
51.1088
55.8494
57.7735
47.3829
49.4731
235.508
254.25
276.48
260.903
187.277
179.436
165.862
213.623
193.559
205.255
87.8479
77.8731
96.7588
65.8906
70.7436
300.637
267.472
107.385
72.5699
)
;
    }
}


// ************************************************************************* //
