/*--------------------------------*- C++ -*----------------------------------*\
| =========                 |                                                 |
| \\      /  F ield         | OpenFOAM: The Open Source CFD Toolbox           |
|  \\    /   O peration     | Version:  5.x                                   |
|   \\  /    A nd           | Web:      www.OpenFOAM.org                      |
|    \\/     M anipulation  |                                                 |
\*---------------------------------------------------------------------------*/
FoamFile
{
    version     2.0;
    format      ascii;
    class       volScalarField;
    location    "1";
    object      p;
}
// * * * * * * * * * * * * * * * * * * * * * * * * * * * * * * * * * * * * * //

dimensions      [0 2 -2 0 0 0 0];

internalField   nonuniform List<scalar> 
10486
(
4.53086
4.98984
5.37786
5.92533
6.54702
7.24599
8.00517
8.79683
9.58397
10.3211
10.9588
11.4519
11.7677
11.8951
11.8385
11.6242
11.2864
10.8615
10.3892
9.90349
9.43514
8.9906
8.66427
8.24577
4.4323
4.92206
5.29325
5.85758
6.48313
7.19644
7.97656
8.79684
9.61935
10.3948
11.0676
11.5865
11.9137
12.0378
11.9648
11.7259
11.3596
10.9044
10.4052
9.89556
9.41142
8.94186
8.6241
8.16957
4.21761
4.74622
5.10474
5.69406
6.33311
7.08107
7.91288
8.80303
9.71231
10.582
11.3406
11.9211
12.2727
12.3849
12.2627
11.9613
11.5232
10.9938
10.4289
9.8628
9.34005
8.82578
8.50262
7.99693
3.89353
4.44993
4.80331
5.41551
6.07439
6.87342
7.78285
8.78844
9.84641
10.8842
11.7966
12.4851
12.8775
12.9633
12.7648
12.3506
11.786
11.1282
10.454
9.7951
9.20987
8.63591
8.28936
7.73121
3.47825
4.04615
4.391
5.01434
5.68836
6.54153
7.55482
8.7159
9.9851
11.2788
12.4295
13.2748
13.7214
13.767
13.4602
12.881
12.1306
11.2933
10.4615
9.6784
9.01135
8.36885
7.99186
7.38092
2.98121
3.54143
3.8639
4.47578
5.13858
6.04484
6.90275
8.17074
9.62361
11.1941
12.7088
13.88
14.5443
14.6699
14.3292
13.6621
12.7427
11.7184
10.4037
9.47516
8.71707
8.00595
7.60129
6.94015
2.4058
2.933
3.20996
3.77372
4.37509
5.17863
6.31717
7.69246
9.46784
11.5358
13.6092
15.2375
16.0704
16.0966
15.5086
14.4954
13.1908
11.8378
10.6089
9.12957
8.27991
7.51714
7.09713
6.3971
1.76234
2.22462
2.42709
2.89688
3.35616
4.21486
5.19831
6.56047
8.55868
11.2122
14.2023
16.6357
17.7553
17.652
16.8976
15.571
13.8475
11.8051
10.2372
8.54565
7.64888
6.87251
6.46164
5.74586
1.07217
1.43413
1.53126
1.85986
2.13548
2.776
3.55796
4.89253
6.92542
10.167
14.4445
18.3786
19.7073
19.1037
18.4181
16.7774
14.2867
11.3494
9.49198
7.61394
6.77988
6.04709
5.68473
4.98896
0.364457
0.590638
0.552745
0.670746
0.666292
1.01526
1.27355
2.00916
3.47547
6.45639
12.3728
19.6586
21.6685
18.9936
20.0815
18.4179
14.1041
10.0152
8.11581
6.27756
5.6445
5.03126
4.76916
4.1389
-0.326243
-0.263892
-0.453602
-0.589242
-0.930965
-0.955031
-1.488
-1.92919
-2.66859
-3.64751
-5.46811
6.27959
-6.82009
11.4
27.7016
18.7938
11.7535
7.91266
5.88919
4.52542
4.25122
3.84613
3.73844
3.22132
-0.961813
-1.07724
-1.41465
-1.80226
-2.4672
-2.87589
-4.26598
-5.91702
-9.0219
-15.671
-62.062
-83.178
-18.9167
-7.89694
-72.602
6.07218
3.92389
3.10582
2.81507
2.52472
2.67429
2.55667
2.6415
2.2762
-1.50567
-1.79803
-2.25733
-2.85195
-3.76235
-4.42567
-6.29202
-8.70181
-12.4758
-17.1209
-16.3285
-23.4174
-28.8971
-38.2315
-16.2694
-7.85856
-2.68815
-0.469812
0.475249
1.05972
1.26944
1.54821
1.35433
-1.91976
-2.39908
-2.93038
-3.67201
-4.73163
-5.50787
-7.44458
-10.0034
-15.5992
-35.7582
-44.6923
-26.0971
-20.6757
-27.6548
-67.2321
-41.2805
-17.9873
-6.58347
-2.93794
-1.26083
-0.358734
0.109426
0.538589
0.509792
-2.20022
-2.86014
-3.41145
-4.25599
-5.36728
-6.21377
-7.88244
-9.65836
-12.5949
-21.8995
-41.9566
-45.1311
-5.71987
-10.7451
-5.17435
-22.4717
-13.0885
-5.76779
-4.05755
-2.49856
-1.44058
-0.837778
-0.32028
-0.211671
-2.35979
-3.17307
-3.70995
-4.65597
-5.7594
-6.64787
-8.10972
-9.20899
-9.15459
-5.63631
-8.37195
-24.3319
-15.8293
-7.45107
-3.20243
-2.53688
-2.25146
-5.98445
-4.8179
-3.25982
-2.21349
-1.55412
-0.995897
-0.781564
-2.41636
-3.34071
-3.86333
-4.91466
-6.03045
-7.0312
-8.66374
-9.95438
-11.1559
-13.0544
-15.0444
-20.5389
-17.6912
-12.5554
-10.2129
-12.4766
-19.972
-11.4343
-6.48167
-3.93794
-2.80719
-2.06659
-1.48907
-1.18742
-2.38744
-3.35609
-3.90156
-5.00054
-6.20729
-7.38692
-9.35927
-12.0215
-17.1986
-39.297
-55.3899
-27.0402
-19.7537
-16.0063
-14.7148
-18.48
-25.0144
-13.132
-6.87437
-4.31639
-3.09261
-2.35693
-1.79906
-1.41877
-2.27705
-3.21602
-3.78252
-4.88049
-6.13066
-7.92246
-9.72226
-13.0046
-17.6055
-26.9242
-28.5128
-21.8317
-20.5524
-17.6411
-14.361
-10.9374
-4.5046
-3.82544
-4.10753
-3.74603
-2.93411
-2.39597
-1.9229
-1.48495
-2.06872
-2.94231
-3.46844
-4.50898
-5.69296
-7.4109
-9.36836
-12.3964
-15.9114
-19.3446
-18.6692
-21.931
-23.888
-19.6657
-13.3634
-6.75843
-0.162542
-1.17944
-2.88819
-3.02958
-2.72848
-2.31751
-1.93119
-1.42368
-1.77372
-2.53729
-2.9742
-3.88373
-4.914
-6.39929
-8.38416
-11.3461
-15.0614
-20.1814
-27.7256
-34.0682
-32.1873
-23.4114
-13.7204
-6.5419
-2.24465
-2.69078
-3.47087
-3.26704
-2.85021
-2.2906
-1.92613
-1.27613
-1.40679
-2.01896
-2.3324
-3.04132
-3.82512
-4.91307
-6.76022
-9.23375
-13.1513
-20.8782
-36.2697
-45.8394
-34.9592
-25.0962
-14.186
-7.97677
-6.75807
-7.38283
-5.20533
-4.13855
-3.22424
-2.34722
-1.93645
-1.06229
-0.988357
-1.419
-1.58629
-2.04675
-2.48805
-3.10851
-4.3961
-5.89108
-8.81692
-14.8514
-28.6791
-35.8784
-27.1363
-21.7917
-13.3703
-9.10451
-10.0078
-11.7267
-7.10086
-4.96447
-3.59702
-2.39308
-1.91696
-0.79596
-0.541748
-0.784158
-0.798923
-0.996868
-1.05868
-1.16538
-1.86054
-2.16731
-3.31284
-4.92951
-9.59175
-14.7834
-17.3541
-17.2242
-12.5322
-10.077
-11.0778
-12.4197
-7.97137
-5.23632
-3.776
-2.30463
-1.82804
-0.483599
-0.0957357
-0.166755
-0.0452067
-0.00227446
0.259803
0.611252
0.4558
1.01382
1.02911
1.07502
-0.761973
-5.38961
-11.7295
-15.5052
-15.2629
-13.7369
-12.674
-11.5162
-7.54933
-5.10212
-3.60371
-2.14761
-1.58237
-0.143464
0.317824
0.387652
0.613024
0.848585
1.34506
2.00269
2.31736
3.39034
4.0452
4.66382
3.40045
-2.32707
-10.1165
-17.5824
-21.7851
-19.9024
-15.614
-11.6415
-7.06339
-4.7817
-3.23126
-1.82901
-1.28038
0.110681
0.670932
0.846738
1.13922
1.51028
2.15132
2.99648
3.62402
4.98779
6.00918
6.81671
4.13058
-1.40097
-9.89078
-20.0616
-25.4063
-23.2973
-17.1792
-11.4683
-6.38124
-4.13562
-2.64794
-1.36301
-0.92778
0.247199
0.952116
1.19753
1.51538
1.96041
2.65142
3.5797
4.32256
5.77505
6.90708
6.50441
4.22805
-0.253428
-8.90202
-20.4076
-26.1455
-23.3604
-15.9021
-9.82149
-4.9537
-2.97283
-1.77158
-0.727144
-0.464788
0.359814
1.16253
1.42455
1.73582
2.18976
2.84182
3.69232
4.4643
5.63619
6.15719
5.66021
4.04282
0.191172
-6.55455
-16.1702
-21.643
-18.94
-11.4571
-6.66642
-2.79129
-1.41791
-0.645146
0.0611777
0.122645
0.558948
1.2868
1.53258
1.81236
2.21224
2.76341
3.43475
4.08977
4.75041
4.75551
4.42467
3.00883
-0.190084
-4.4816
-9.49607
-12.3036
-10.6017
-5.67069
-3.06163
-0.549741
0.202735
0.566288
0.912147
0.790906
0.874633
1.33142
1.53372
1.76194
2.06987
2.47013
2.89399
3.34079
3.31028
3.13255
2.77415
1.37179
-1.21913
-3.87005
-5.82884
-6.09419
-4.45201
-1.54829
-0.163294
1.39065
1.66068
1.70304
1.72457
1.46553
1.26981
1.28652
1.44593
1.61209
1.81554
2.04008
2.20255
2.39515
1.67648
1.24125
0.676449
-0.657341
-2.81093
-4.62014
-5.11234
-3.96224
-1.81498
0.639478
1.79422
2.85537
2.85015
2.66517
2.4293
2.08515
1.6599
1.17556
1.28722
1.39827
1.50696
1.56185
1.50523
1.37521
0.147222
-1.38486
-2.45293
-4.08845
-6.2197
-7.2554
-6.35844
-3.78851
-0.593909
1.82305
3.08551
3.92051
3.77051
3.42315
2.97983
2.58738
2.01396
1.02117
1.09557
1.16431
1.18921
1.12742
0.878507
0.347885
-0.883668
-3.3449
-5.54911
-7.90931
-10.7218
-11.59
-9.40326
-5.23902
-1.05714
2.06821
4.31988
4.57685
4.40875
3.96453
3.37268
2.94869
2.27114
0.843612
0.895716
0.94053
0.906563
0.793664
0.425979
-0.313369
-2.02082
-6.17018
-9.78906
-13.8565
-17.123
-16.8106
-12.5365
-6.25888
-0.411862
2.84809
4.4076
4.85882
4.73582
4.27506
3.61336
3.11852
2.38077
0.663857
0.706975
0.743423
0.682301
0.556251
0.179343
-0.679653
-2.12372
-5.47984
-9.10037
-13.0463
-16.1967
-16.2071
-12.4589
-6.52776
-0.506767
3.1913
4.61665
4.90967
4.76239
4.33426
3.6575
3.13621
2.30934
0.497593
0.54044
0.579357
0.52667
0.433734
0.161996
-0.428106
-1.40629
-3.28898
-5.83116
-8.71938
-11.1774
-11.6164
-9.28705
-5.04595
-0.323771
3.25142
4.65099
4.72487
4.46282
4.07473
3.43385
2.93328
2.04083
0.34332
0.383142
0.422769
0.394948
0.357996
0.220198
-0.0381995
-0.50359
-1.32281
-2.64558
-4.29854
-5.88524
-6.47948
-5.4344
-2.97845
0.124916
2.81513
4.10517
4.19045
3.8985
3.5652
3.01088
2.58732
1.65024
0.212674
0.258081
0.30135
0.311539
0.338443
0.329144
0.308569
0.221298
0.0196793
-0.418203
-1.10227
-1.92181
-2.46053
-2.28083
-1.28051
0.29803
1.89558
2.83701
2.91682
2.64061
2.37814
1.97832
1.69462
0.937251
0.00638659
-0.0230159
-0.0411679
-0.0753593
-0.11077
-0.171845
-0.2383
-0.328084
-0.456149
-0.663658
-0.946684
-1.25395
-1.47011
-1.43532
-1.05372
-0.314053
0.645087
1.54167
2.19268
2.48043
2.41386
2.06202
1.78127
0.925763
16.1219
17.7841
14.4264
17.6115
19.5036
18.1615
17.7535
19.0478
19.5219
17.1116
18.3311
18.9742
13.8963
12.1568
7.23819
17.9703
18.8465
12.9848
19.6908
21.975
19.6672
19.1998
19.273
21.5645
18.5325
19.7944
19.2433
17.0486
18.6181
19.7711
5.95866
-1.75724
-1.79149
11.5543
-1.33426
-1.85517
18.7229
7.69871
-0.366215
22.2688
-7.87728
8.29688
18.8919
20.0591
25.6359
14.6061
12.9535
18.9466
-2.52472
-8.00605
-5.00527
-3.36156
-13.487
-8.53944
-6.57847
-61.5296
-15.1014
5.21567
-145
-71.4377
-8.86269
-21.3373
-104.194
12.439
5.4309
9.24968
8.49992
4.68999
5.28139
-8.58806
-11.7174
-8.14005
-14.1758
-16.2761
-12.0813
-110.892
-24.2922
-17.149
18.8249
-42.7623
-27.186
5.67296
-10.4889
-36.1215
4.08384
-6.53147
-11.8694
3.14359
-2.01657
-6.31314
-12.0863
-14.3979
-9.84577
-16.7859
-27.484
-15.0782
-22.5964
-25.5934
-41.6041
-45.0898
-66.5674
-29.3429
-15.0096
-45.4445
-64.0686
-8.23597
-18.6555
-42.3419
-3.68478
-7.47436
-17.2079
-14.5402
-12.6891
-9.82647
-30.2031
-23.2398
-13.2674
-27.8147
-44.3437
-53.5376
-20.8967
-9.00538
-45.6299
-20.1545
-17.4799
-25.6956
-8.09607
-7.63733
-15.0611
-18.4597
-6.50473
-9.25549
-45.323
-6.92842
-5.89595
-6.19942
-17.085
-27.0346
-11.0665
-8.15871
-15.1176
-22.3401
-2.31397
-1.78275
-15.323
-1.7557
-2.72503
-6.77136
-11.9832
-10.8887
-23.1072
-19.8334
-12.913
-17.4821
-18.1946
-20.4277
-8.58542
-12.7091
-17.5263
-3.13635
-9.47601
-12.0584
-2.42294
-10.3023
-9.37489
-20.2128
-28.5776
-47.2159
-18.3613
-20.4405
-25.6172
-13.113
-16.1455
-19.2029
-10.292
-14.1276
-15.3662
13.5248
13.9325
10.3478
15.9448
16.8701
18.2188
9.68529
6.6998
4.05041
16.0166
15.8072
14.4421
19.2029
20.1996
18.9693
19.54
20.1035
20.557
18.8419
19.0157
19.3662
17.9494
18.6213
19.017
14.612
14.6659
18.1735
3.24472
-1.70767
-0.903051
8.39831
5.34792
3.62787
18.9657
11.7492
-5.8227
20.0451
24.7352
13.0235
16.7733
16.8904
18.8402
11.2294
9.4553
12.2831
-3.06204
-5.73094
-5.4121
-1.37411
-76.2559
-68.4497
15.2104
-29.953
-75.1058
10.0551
-5.3077
-17.8147
26.4905
57.0331
-4.64377
20.1498
9.92815
95.446
15.5483
13.31
17.3001
-10.342
-12.1274
-10.5415
-50.2888
-16.8269
-16.6493
-85.9192
-38.3576
-30.1407
-5.31009
-13.1301
-96.2647
3.65958
0.329021
-0.468288
-14.4177
-16.0821
-13.7548
-16.2051
-43.7383
-31.1366
-20.0759
-38.8116
-50.825
-5.46696
-8.77719
-12.6757
-18.7373
-18.4848
-15.6495
-47.8701
-62.2055
-29.4049
-34.9825
-38.714
-78.5312
-25.6958
-12.5834
-9.10487
-72.1309
-8.39113
-12.485
-44.7476
-26.1892
-9.25217
-12.006
-12.4821
-18.1661
-12.1154
-9.38822
-9.231
-14.6981
-10.7953
-10.6465
-42.6121
-25.601
-8.54328
-28.8463
-40.1562
-46.9911
-9.66532
-8.51191
-4.51285
-4.63529
-1.71547
-6.92083
-21.6435
-11.5162
-10.8935
-6.83075
-4.78224
-2.13319
-6.4689
-11.2149
-10.692
-5.42594
-5.11579
-6.57251
-14.7541
-14.084
-9.48542
-2.76164
-5.20651
-6.15822
-1.77148
-16.6864
-10.9145
-14.3914
-49.0952
-34.7597
-20.3293
-21.0353
-22.3214
-15.6353
-16.615
-18.3063
-11.2371
-13.0872
-14.0986
-11.7191
-16.7895
-14.1991
16.4181
15.947
17.1054
19.2552
18.3151
18.6574
17.3663
18.1687
19.1072
19.3906
18.6917
18.4905
18.6944
18.7291
19.4495
18.4238
18.17
18.704
13.7102
11.6749
12.243
9.79344
11.3907
13.7667
8.90225
10.7452
9.14202
18.4579
16.3907
16.5034
14.0682
15.9009
15.4224
20.6251
20.4487
19.3984
19.4965
19.9294
19.4575
19.1291
18.9534
18.7725
19.5353
19.1929
19.1958
19.3671
18.6814
17.8575
19.1791
18.8685
19.3327
3.47563
2.28612
4.68749
-2.02624
1.26937
2.42774
0.71146
1.06893
-1.96272
18.2574
24.0008
21.8003
17.1512
22.4181
16.6385
19.0868
20.8703
19.4876
15.3571
16.0836
14.0005
18.7225
16.8527
16.178
-6.58319
-4.72812
-5.84388
-8.36532
-6.22641
-2.87456
-6.34737
-6.7734
-9.64253
-28.8945
-26.2519
-119.541
-90.1158
-78.5639
-0.12081
-99.2115
-79.4676
-105.401
-68.7574
-76.9806
-94.5864
-14.5834
-25.6731
-13.3745
10.101
12.2628
14.8662
7.10631
10.9886
9.1201
8.64227
7.3211
4.75565
-10.3247
-8.60994
-7.10096
-10.0931
-8.98988
-10.608
-10.9241
-12.6089
-13.9415
-97.2573
-35.3787
-10.0407
-38.6453
-37.5547
-94.8828
-3.28023
-9.5925
-1.9958
-94.7797
-13.1391
-14.2813
-0.0524067
-0.40861
5.28418
-9.19718
-2.41212
-1.7075
-1.86633
-0.876595
-4.31272
-13.2602
-11.301
-10.3915
-12.0025
-11.5078
-13.6526
-14.1968
-16.6848
-18.311
-21.2523
-20.7187
-31.6453
-52.4194
-47.0006
-40.4816
-45.963
-48.4229
-54.6854
-52.9621
-42.0653
-45.5281
-13.5703
-19.5999
-11.7639
-25.3823
-21.6975
-14.955
-14.1087
-9.62902
-11.7565
-14.173
-11.9989
-12.0124
-15.8127
-19.8159
-35.7944
-14.8543
-17.7642
-15.494
-32.582
-38.7004
-34.3751
-39.1252
-39.2344
-32.313
-32.2305
-23.0353
-17.3517
-31.0203
-24.7719
-32.1727
-20.5264
-25.3765
-25.8268
-23.2206
-26.1913
-20.3362
-33.5202
-27.3511
-22.5768
-10.1779
-10.9519
-14.4445
-8.08197
-9.84706
-8.68657
-8.644
-8.2417
-5.14064
-5.38687
-40.4741
-29.5609
-25.2637
-36.767
-9.46869
-1.96242
-4.01588
-7.20114
-7.00429
-10.3778
-21.6148
-7.60225
-8.1229
-2.02459
-7.74746
-4.93647
-5.34946
-10.2457
-5.64318
-7.46818
-17.5437
-15.6081
-19.4114
-9.5944
-14.3655
-16.5216
-20.0984
-20.2468
-18.0444
-20.0727
-20.6421
-20.6517
-14.605
-13.416
-11.0053
-17.1462
-14.3397
-15.3637
-6.42426
-7.27601
-3.797
-10.1872
-8.12539
-6.88966
-10.2671
-8.62746
-10.5207
-4.6483
-5.0592
-3.3082
-6.77321
-6.27351
-9.31106
-22.706
-23.4841
-18.6161
-18.9179
-20.5017
-19.986
-14.5585
-16.0344
-14.9512
18.8736
18.6273
18.3502
19.6853
19.9029
19.9445
19.0247
19.1961
19.1154
7.15749
6.21953
5.6939
19.7146
21.2239
21.4375
9.56487
-27.4942
-0.581369
10.072
8.76745
9.57811
-9.08712
-9.74431
-9.48131
-22.1228
-25.0286
-68.6173
-71.6457
-76.886
3.83761
2.56273
2.41459
-13.0014
-13.4356
-12.8843
-21.4942
-24.6273
-28.8169
-36.8082
-40.9789
-7.1282
-8.56383
-9.45337
-16.2024
-16.1221
-16.0263
-39.9797
-45.0222
-58.5599
-23.0018
-24.1088
-30.9967
-45.3325
-40.8503
-25.977
-28.5445
-27.5195
-35.6631
-41.9195
-11.2111
-10.1953
-4.4522
-7.71507
-9.51466
-17.8975
-23.2316
-23.84
-20.698
-20.926
-20.9253
-17.0172
-17.1849
-17.8191
14.5566
15.4516
15.9553
19.4498
19.2055
19.2658
17.9227
18.2455
18.4936
19.1559
19.0025
18.8998
19.2987
19.3053
19.5135
18.63
18.1187
17.9181
17.9895
17.7414
17.5477
16.2674
16.5919
18.6603
19.9436
19.901
19.6368
19.1925
19.2563
19.3562
19.4315
19.2488
19.4321
8.504
6.03064
9.13646
2.57852
3.9104
-2.18712
3.74868
11.7666
15.5709
22.726
23.7722
22.5198
-9.56331
26.3367
22.2938
19.0838
19.2883
19.233
23.7944
21.4458
19.3815
-5.04083
-3.84808
-2.45312
-10.3564
-7.37483
-9.94621
-8.15491
-8.12747
-8.72298
-92.8566
-20.6946
-5.65576
-1.89272
-2.7223
2.99701
-86.6016
-99.3264
-101.309
-87.5641
-36.3196
-44.2036
6.19024
7.55488
6.59337
16.0725
12.0943
7.51462
-9.2657
-8.71665
-8.10301
-11.2482
-10.8875
-11.3518
-11.6917
-12.1769
-12.5841
-77.5501
-52.8543
-1.43598
-43.0883
-42.0008
-33.0681
-28.7045
-22.171
-26.4516
2.86036
3.23367
4.68103
-7.21044
-5.36382
-4.87991
-4.79059
-4.29379
-5.71095
-12.4684
-11.9669
-11.6056
-13.412
-13.3557
-14.3188
-14.7149
-15.4377
-15.7726
-53.7596
-50.021
-44.2361
-60.7445
-61.7821
-60.6056
-58.8622
-51.4444
-52.7548
-10.017
-11.1388
-9.13531
-20.2999
-18.5929
-17.5597
-16.5584
-14.4866
-15.0478
-11.4915
-11.9674
-13.8634
-36.5137
-20.6533
-20.6785
-40.7096
-42.4183
-46.3234
-74.7729
-39.3263
-39.9543
-47.4453
-25.645
-48.8411
-20.2083
-21.2552
-20.7627
-17.9062
-12.2964
-10.9288
-5.11904
-8.49237
-11.0506
-7.09083
-6.79462
-6.024
4.34986
-26.4539
-14.9999
-45.3867
-35.8654
-26.4814
-10.3801
-6.34986
-18.9415
-2.85207
-3.61977
-3.51753
1.72
-2.31015
-1.90114
-19.6737
-15.588
-17.0444
-19.4775
-19.0807
-19.8373
-18.8528
-18.8574
-18.1658
-19.983
-20.8024
-20.5652
-13.3359
-12.8645
-12.1839
-17.4346
-16.6719
-16.8261
-11.5136
-10.8649
-11.4606
-18.4419
-19.0295
-18.9873
-13.61
-14.1403
-13.7015
-12.1376
-12.3959
-10.9089
16.0613
15.5795
15.5158
15.2855
15.6697
16.3307
14.3377
14.9637
14.8861
19.4097
19.0113
19.1246
19.7285
19.8212
19.6172
18.9693
19.0988
18.9325
19.1235
18.969
19.0834
19.2397
19.1222
19.2708
18.8222
18.7034
18.9219
7.56996
6.80941
7.68168
4.66406
5.26718
4.21321
20.2016
15.3969
7.15099
18.8448
18.231
18.3031
-4.00112
-4.12552
-3.06229
-5.86151
-5.12565
-4.98568
-4.47922
-4.73718
-5.72105
-73.6788
-13.2586
-9.24526
-25.0534
-15.5832
-72.4185
-20.1042
-25.1366
10.7517
-45.7729
-31.1009
-44.8374
1.1
17.2823
43.6545
49.3781
33.8971
6.85165
14.826
15.9939
16.1455
-10.0576
-10.275
-10.89
-10.3629
-70.4483
-67.8834
-17.5552
-16.9689
-9.8396
-82.4573
-72.2062
-19.0544
1.01085
1.28779
-0.102401
-13.3084
-13.8912
-14.3668
-42.961
-39.0499
-45.6381
-11.0675
-9.98194
-11.3651
-18.9582
-17.3328
-17.1844
-16.8766
-17.5029
-18.9462
-16.0201
-16.2758
-17.2959
-96.3167
-140.155
-64.8648
-39.0509
-40.9122
-38.2007
-44.4833
-42.4326
-39.6795
-63.9738
-45.3343
-48.6699
-11.6461
-23.6616
-42.2182
-13.3969
-12.6133
-14.1124
-44.8031
-27.5621
-36.7947
-25.2423
-47.1293
-49.6937
-42.3717
-46.1883
-46.1817
-18.8845
-17.7035
-20.9909
-12.1026
-15.3974
-15.5157
-13.9015
-14.4899
-12.0008
-4.48374
-4.42389
-5.26691
-8.17087
-10.0672
-10.4214
-4.14741
-4.00102
-2.3383
-5.19351
-4.63883
-4.37632
-5.1653
-5.05699
-5.46011
-20.4206
-20.8482
-21.112
-15.902
-16.5414
-16.3307
18.9867
19.1127
19.3647
18.7642
18.5306
18.8047
19.1942
19.0954
19.2536
19.4842
19.2911
19.2546
12.9939
13.1663
13.8006
10.8176
11.2355
10.4974
11.9669
11.8496
11.0363
12.7914
12.2864
12.7302
8.56659
9.06475
9.95403
17.8009
17.5342
18.127
16.6414
16.9026
17.0243
17.0443
17.3422
16.522
14.5651
14.3756
13.4944
19.5423
19.8247
19.692
19.4906
19.4332
19.5987
19.1087
19.0387
18.933
19.0585
19.0095
18.9891
18.7084
18.8582
18.9015
19.1547
19.3046
19.1066
19.2773
19.0339
19.2993
19.1339
19.2631
19.0876
19.136
19.2577
19.021
19.4309
19.3665
19.3553
3.06156
3.82643
4.25965
-1.07524
-0.588332
-1.77916
1.60561
0.461981
0.0793307
1.2426
0.808018
1.77869
-1.95194
-0.930538
-0.941668
22.2769
25.6576
-10.3107
13.7713
25.9739
24.5772
12.8422
17.2387
21.0201
19.7758
19.3269
19.1057
19.3858
19.4521
19.8963
15.6854
14.8486
14.475
18.3738
18.0162
18.4774
16.7191
17.558
17.6235
16.7897
17.2281
16.3901
-2.81354
-4.19589
-4.08933
-6.87786
-7.38772
-7.18424
-7.89851
-7.6378
-6.73299
-9.04705
-8.28627
-8.82204
-92.1025
-54.7918
-49.3854
-121.596
-4.14813
-3.60865
-8.29091
-5.0508
-113.41
-133.365
-177.105
-126.862
-72.801
-75.587
-99.5322
-165.604
-76.8242
-73.9553
-103.294
-102.471
-111.464
-12.0521
-16.0856
-19.057
10.6597
11.7182
11.003
13.4104
12.3933
11.4031
13.9568
13.2907
14.3281
8.7147
7.88938
6.67923
10.6511
9.13709
9.97951
7.85479
8.53983
9.61624
-9.72508
-9.29813
-10.0586
-10.9803
-10.5169
-10.12
-11.3572
-11.7718
-11.3037
-64.1096
-61.2966
-81.397
-39.2039
-45.2038
-62.4561
-19.3521
-21.0765
-26.5346
0.0839811
1.60662
1.82356
-3.28036
-3.52892
-1.66336
-1.49227
-2.89118
-3.30624
-12.6728
-12.325
-12.8591
-14.1379
-13.2282
-12.9799
-14.81
-15.1226
-14.4245
-57.6656
-51.8443
-55.8301
-59.6228
-61.6482
-59.5086
-47.1673
-50.6
-57.7324
-15.1176
-13.168
-11.829
-15.9006
-18.0557
-16.8494
-12.5998
-13.5532
-14.9051
-17.5467
-19.5422
-17.1346
-16.719
-15.7814
-14.2981
-17.0568
-16.536
-16.6174
-15.9
-16.3983
-16.2944
-39.235
-37.1066
-37.5388
-37.1609
-41.693
-40.8169
-46.4753
-42.7558
-36.2484
-26.5372
-20.7246
-21.3241
-27.4431
-26.4024
-29.7931
-49.5587
-24.5949
-27.0001
-22.0148
-22.1792
-20.97
-25.2744
-22.397
-23.3348
-23.0266
-23.052
-25.6296
-24.066
-24.9501
-23.0872
-24.3784
-24.5794
-25.3923
-19.8828
-22.6881
-22.9705
-23.6734
-26.6122
-25.2615
-10.7101
-11.9869
-11.9552
-12.4838
-12.1128
-10.7384
-15.1729
-13.1753
-13.6764
-8.05983
-8.07706
-9.21133
-8.37589
-7.15237
-7.92001
-5.83949
-5.92694
-5.55799
-25.18
-24.9013
5.36259
-24.1216
-24.5765
-20.1981
-19.1256
-26.3086
-25.0839
-42.0357
-26.8595
-31.6615
-1.96358
-2.27765
-2.68315
-5.34352
-4.1354
-6.32369
-19.6333
-16.2363
-18.1085
-8.50775
-5.6072
-5.4288
-6.28998
-6.68679
-7.49064
-4.7203
-5.51937
-4.99442
-4.89609
-5.52265
-5.15448
-8.50308
-7.70651
-6.35037
-17.0136
-17.9424
-18.3569
-17.3576
-17.8668
-16.578
-19.5133
-18.5934
-18.4821
-11.4759
-11.4782
-9.45306
-15.3546
-13.2523
-12.6187
-15.3373
-13.8876
-15.3428
-20.0321
-19.4875
-19.4817
-20.7794
-20.626
-20.4218
-14.2681
-13.5164
-13.8091
-16.1066
-15.8829
-15.0679
-6.56848
-5.64876
-5.49519
-9.42758
-9.08244
-9.89196
-7.64981
-8.3966
-8.89222
-7.60961
-7.85075
-7.1967
-9.6014
-10.3615
-10.9746
-9.2189
-9.79219
-9.06694
-10.9855
-10.4729
-9.7972
-3.21345
-2.95575
-3.60902
-6.42546
-7.45749
-7.58663
-19.548
-19.5633
-20.0182
-14.3134
-14.7015
-15.2834
19.8355
17.1447
20.5703
-3.96536
-11.6376
-17.5627
6.08392
-0.906266
-10.6623
-8.11448
-25.5512
-9.12524
-28.0062
-17.7506
-71.5498
-72.1459
-73.4223
-27.1661
-27.1408
-21.3876
-36.2858
-37.502
-39.3378
-48.5929
-46.631
-44.5342
-6.69778
-4.18057
1.85592
7.85704
10.7364
2.72121
12.9238
15.0344
11.5986
-46.5561
-52.8613
-80.4656
-11.249
-14.1866
-11.4722
-44.4186
-40.5234
-87.2576
-74.204
-39.5162
1.06171
-43.3651
-42.8685
-42.9064
-10.8348
-5.73164
-4.32844
-33.435
-32.042
-34.378
-30.0156
-20.8362
-21.7553
-31.2178
-29.654
-36.9065
-48.4957
-47.8541
-44.9724
-71.5354
-69.616
-63.8137
-31.9013
-42.9465
-40.0273
-16.5422
-17.0466
-13.852
-8.94994
-9.30196
-11.8997
0.576292
7.99228
1.39147
-6.77027
-10.0524
-2.56282
-75.8876
-14.5091
-12.9898
-56.7379
-43.7086
-69.5575
-16.0676
-16.7084
13.5459
-35.8436
-28.6571
-22.3326
13.0379
37.0624
67.7347
7.40426
27.7838
18.0319
76.2099
65.6813
-68.9319
-27.3772
-21.1117
-27.1093
-14.8952
-18.0904
-9.71686
-94.4307
-88.872
-92.0008
-48.0211
-23.6122
-21.7666
-48.3871
-47.0333
-49.0564
-39.4786
-38.9228
-38.2073
-16.3942
-15.9932
-11.149
-68.8596
-45.4374
-59.7545
-27.0591
-27.1226
-28.233
2.46233
-3.7792
-5.7993
19.8584
21.198
19.9559
-118.72
-93.5334
-86.1304
-80.7554
-84.7098
-84.8594
1.14842
-3.41447
-5.92414
-124.693
-181.417
-160.954
-153.818
-180.016
-138.711
-69.8825
-71.1704
-70.1283
-13.084
-14.6358
-15.1362
-30.2242
-46.1354
-51.19
-4.49023
-40.687
-21.3202
3.85614
-1.58935
-9.23195
-93.7033
-22.5617
-85.428
-11.3088
-18.4246
-17.5998
-64.2181
-60.8212
-50.0135
-48.1052
-57.9368
-55.7343
-56.694
-67.6735
-66.7239
-50.9481
-52.6197
-54.8426
-36.5884
-36.093
-32.6374
-38.1982
-39.3342
-39.1488
-32.1395
-35.9314
-38.5231
-31.8971
-33.2592
-33.6893
-42.4686
-21.4132
-39.3172
-15.2728
-23.5828
-29.7149
7.13285
6.20053
8.52171
-30.2309
3.98751
5.39533
1.66053
2.45629
0.608403
-69.1726
-70.572
-70.2279
-72.1733
-71.4464
-70.4269
-39.9982
-38.6857
-40.281
-41.6242
-45.9963
-42.0233
-49.5528
-46.8334
-41.7554
-8.10696
-8.01783
-9.19987
26.3948
26.3506
26.0892
-0.0471343
-2.86271
27.3987
-42.8491
-21.0611
-26.4296
-1.96565
0.225106
0.783673
-93.032
-90.7971
-82.9963
-100.362
-95.9949
-95.4792
-92.1225
-62.4515
-75.3366
-37.5349
-48.5895
-64.5673
-40.7718
-40.5786
-36.9619
-27.3861
-29.5663
-30.845
-52.8287
-50.4761
-51.3509
-61.3696
-66.3645
-67.084
-65.8591
-65.8006
-61.5924
-61.9587
-68.4927
-68.8646
-41.6797
-46.4055
-45.2615
-48.2954
-47.9991
-46.8898
-22.8148
-48.7175
-28.3228
-47.892
-48.3732
-49.0088
6.19744
0.903016
0.655878
-27.7218
-0.402799
-26.1056
-10.4861
-6.94667
-12.0137
15.9058
11.2768
11.9025
-19.7136
-16.7193
-74.8346
-11.5128
-14.4266
-16.8832
-11.6784
-12.7288
-10.2586
-21.9675
-31.2322
-37.4805
-20.3288
-25.1504
-18.5408
-71.0071
-31.9635
-24.2689
-21.3874
-18.82
-17.875
-21.7665
-20.4745
-23.2996
11.9272
10.376
8.70045
-39.6276
-45.5787
-54.0679
23.444
52.797
27.6333
-69.228
-19.8194
-17.2656
-22.5585
-22.7248
-68.2213
-15.8765
-15.8553
-17.4292
-18.3306
-76.9839
-73.1086
-20.1588
-81.8416
-18.5966
-42.4023
-44.8257
-45.6936
-40.9553
-39.6184
-40.1544
-40.1144
-39.8509
-42.9211
-39.8471
-38.3263
-39.9574
-47.8297
-48.7507
-26.0373
-48.1671
-48.7988
-47.6355
-27.5982
-49.7306
-49.2768
-44.7629
-44.7374
-46.5124
-10.668
22.6919
24.1269
23.0129
23.7589
21.4588
-78.0195
-88.8947
-107.734
-112.799
-111.297
-117.469
-3.80809
-4.69062
-4.80158
-64.739
-77.5406
-3.81243
-7.33993
-9.16303
-10.4502
-6.14376
-7.73461
-6.19311
-97.5709
-88.9351
-99.7389
-104.585
-124.393
-141.357
-74.4673
-73.7571
-74.894
-71.1746
-72.3187
-73.3138
-76.3123
-77.1175
-80.8854
-76.0518
-77.1529
-77.8709
-105.072
-105.403
-102.701
-105.084
-107.463
-107.076
-13.6548
-14.1514
-12.4317
-70.0545
-73.1919
-60.4866
-89.838
-87.5882
-81.0898
-44.1347
-63.7724
-61.802
-19.728
-21.3601
-20.6366
-65.7618
-23.6666
-25.3527
-58.0205
-58.4598
-55.1771
-68.5586
-68.1539
-58.3653
-56.4491
-54.0701
-55.2892
-38.8154
-39.3095
-39.5539
-38.2736
-38.6698
-37.8036
-41.9367
-40.9802
-40.5357
-45.3231
-32.5232
-31.3506
-42.9744
-44.1385
-44.0364
-35.0651
-34.6395
-42.8129
-28.3553
-26.2625
-21.0241
-30.2702
-29.3874
-29.3464
-24.3953
-27.3033
-27.7835
-21.9371
-5.02918
-14.4736
-24.7705
-23.5567
-23.249
3.58288
4.82056
7.86255
-24.0275
-22.7136
-23.0666
-19.8854
-20.994
-21.2263
-28.6621
-28.4877
-29.2772
-33.8066
-39.7187
-45.8628
-36.9747
-23.5805
-21.0622
-52.6474
-45.8254
-64.495
93.3702
103.538
-71.0253
-66.2674
-78.8326
-59.6426
-79.3414
-73.9587
-83.3482
-56.0087
-49.2535
-47.4738
-68.8553
-49.8886
-63.5839
-54.0042
-40.8845
-36.7529
3.26931
-0.405052
-0.930207
-70.0157
93.2001
69.6794
-68.5804
-63.3804
-57.1416
37.4286
25.6363
3.02723
-42.8352
-45.9102
-48.0152
14.666
15.3835
15.2683
14.5306
15.1834
15.3565
13.9997
14.5193
14.9042
13.2046
13.5098
14.0671
8.53632
8.1969
7.27169
10.4784
10.3896
9.23945
12.6079
12.9124
11.6391
14.5022
15.7151
14.0329
15.76
17.0776
16.1537
16.1691
17.2772
17.2229
15.8981
16.7441
17.203
15.078
15.6675
16.1628
13.8644
14.2257
14.9742
12.5149
12.6348
13.4147
5.86519
5.07749
4.4581
8.00927
6.89187
5.44209
10.5618
9.90366
7.18896
14.8861
15.1709
14.3761
17.0633
17.5927
17.1219
17.8226
18.3331
18.2891
17.5082
17.9232
18.0781
16.6386
17.0003
17.2858
14.2777
14.563
16.6276
12.4193
12.4072
14.2728
10.9775
10.737
11.665
4.06417
2.82859
2.49301
6.61289
3.80228
2.90635
7.97279
6.96642
5.91681
11.7009
11.0523
9.29646
14.9943
15.018
14.4307
18.2838
18.4896
18.6214
15.8869
16.244
17.3166
12.2534
11.6574
14.196
10.3464
9.76476
10.8238
1.39464
-0.249
-0.0876369
4.33085
2.00258
1.46903
14.9871
12.3165
9.42941
22.0426
22.6666
18.3462
20.9823
20.6705
21.6313
19.4145
19.0612
17.4458
20.0595
20.4678
20.4465
17.8839
18.0671
18.6601
12.8617
12.4498
13.6386
8.94892
7.84197
8.8366
-1.77625
-4.41449
-2.92569
-2.17062
-3.39378
-2.98514
-2.85985
-3.80749
-3.56691
-5.02338
-16.1376
-9.47418
7.40839
5.13923
4.1227
-0.259721
-2.45128
-7.20979
17.2819
13.8229
5.79848
26.3232
32.2183
40.4263
17.5531
17.2058
18.5141
11.1315
10.5738
11.1275
6.41811
4.68575
4.44841
-5.23331
-7.30884
-5.39234
-6.70737
-7.61882
-6.75008
-23.0257
-19.6204
-16.171
-79.9666
-57.799
-48.07
-42.0479
-33.2359
-42.0401
-12.0128
-16.979
-21.1546
-7.9712
-12.1554
-11.2886
5.54431
-0.665358
-1.9227
2.71494
0.648817
-1.29781
-5.2474
-5.90679
-5.05976
-7.82612
-8.93561
-6.97276
-9.71375
-10.2405
-9.18157
-17.1292
-20.7988
-20.2406
-18.2707
-18.9633
-18.6924
-24.4878
-22.9965
-21.8529
-24.3285
-24.3114
-23.2152
-36.9567
-42.0903
-31.8123
-13.094
-22.0912
-32.6883
-1.34208
-3.07137
-5.99098
-6.39442
-6.76661
-5.94292
-9.10938
-9.12933
-7.73338
-11.065
-11.0437
-10.0442
-60.4423
-123.708
-49.4955
-24.7939
-25.8383
-27.8656
-20.9379
-17.4206
-17.7564
-30.0633
-27.6133
-25.6473
-61.8547
-63.2709
-73.221
-36.182
-35.041
-39.5979
-15.5831
-15.9241
-18.2295
-4.22758
-4.82083
-6.65884
-7.01407
-7.21239
-6.47414
-8.84221
-8.79064
-7.9749
-10.2541
-9.91028
-9.51576
-13.1044
-12.1657
-11.8822
-27.1968
-18.7582
-16.3394
-36.8101
-23.4254
-16.8078
-46.2897
-45.8526
-44.5565
-6.23826
-4.06871
-3.17785
-9.0343
-1.61102
-7.00928
-16.1129
-4.11972
1.89948
-22.0297
-18.5504
-18.6554
-8.86966
-6.37512
-6.28087
-5.04134
-5.10444
-5.43793
-7.3977
-7.6132
-6.885
-8.83202
-9.0644
-8.34423
-9.31171
-10.5603
-9.67286
-8.34724
-8.77167
-9.373
-4.96289
-5.09244
-5.93128
-10.3155
-10.1605
-8.30411
-24.4666
-20.9819
-20.4403
-12.546
-13.9044
-16.9026
-6.3355
-7.12057
-8.06661
-3.09464
-4.00007
-4.34541
-1.58132
-4.89932
-4.65518
-5.35756
-11.1979
-16.8749
-5.52444
-6.70536
-8.12892
-10.9301
-13.2385
-11.4892
-13.1069
-31.6373
-15.536
-13.073
-22.2841
-20.7459
-16.0356
-18.8629
-17.785
-12.0507
-12.6477
-13.1049
-10.3155
-12.4496
-12.1405
-19.5742
-29.1187
-19.1308
-14.0944
-19.1903
-34.123
-14.789
-15.9634
-12.9988
-36.2574
-28.7191
-18.4025
-56.6446
-37.9979
-31.8861
-31.0371
-25.2177
-37.2871
-21.0147
-21.1407
-23.8315
-16.7646
-18.0843
-20.4181
-14.7145
-15.2259
-17.3036
-16.6965
-13.2537
-14.6613
-25.8435
-11.7822
-12.8799
-24.599
-19.2931
-16.1926
-29.8469
-19.1965
-19.9826
-22.3138
-19.6347
-18.08
-20.9994
-22.6309
-20.4892
-18.4657
-20.1597
-22.4979
-15.1552
-14.9559
-18.9892
-11.8742
-8.956
-13.5117
-7.99935
-2.11754
-7.28905
-18.7196
-18.5874
-15.2742
-19.0334
-23.4314
-19.6837
-20.96
-29.5534
-25.0484
-24.1429
-30.9703
-30.5733
-21.0455
-24.6751
-30.0195
-15.0002
-15.6204
-22.4222
-8.43799
-7.98613
-13.5197
-1.85345
-2.31061
-6.36167
-18.7788
-18.7945
-13.8657
-25.5574
-31.1498
-21.1393
-33.1098
-43.3959
-34.9504
-33.4783
-37.8442
-43.7929
-25.9582
-28.0139
-35.36
-15.9324
-16.601
-25.1798
-8.10343
-8.78473
-14.1701
-3.06844
-5.42053
-7.57773
-18.3095
-14.611
-10.1219
-32.0035
-28.3059
-17.0944
-45.6786
-41.334
-32.6314
-37.8578
-32.4376
-41.0327
-27.7905
-24.8295
-29.7535
-16.6144
-15.8488
-22.9219
-9.02792
-9.51266
-13.6877
-6.3331
-8.58499
-8.9024
-12.6727
-6.24624
-4.63793
-24.8397
-11.7912
-7.16255
-36.143
-18.2762
-13.7466
-29.1474
-19.4033
-18.9533
-23.41
-19.0671
-19.4662
-15.3838
-14.0271
-18.239
-9.56388
-9.86136
-12.5564
-9.14267
-10.351
-9.71516
-4.33655
0.0506845
0.166374
-8.11223
-1.4073
-0.0995743
-13.7618
-5.69664
-2.22319
-16.8343
-11.3973
-7.04227
-17.7942
-15.2655
-12.718
-13.8011
-14.6837
-15.5233
-10.1657
-12.5611
-14.0815
-10.5816
-12.3752
-12.4305
1.17243
3.89315
3.49498
-0.0338651
3.1894
3.90492
-4.01255
-0.966237
2.61924
-10.2509
-8.37527
-2.72074
-14.9561
-15.4076
-10.2659
-15.6128
-19.8324
-16.8498
-13.9654
-19.1669
-20.1847
-12.9607
-16.1185
-18.4628
4.62299
6.37041
5.70653
4.02951
5.08925
6.45775
-0.580946
0.0720239
4.08787
-8.11303
-7.61869
-1.61729
-15.858
-17.3479
-9.93727
-21.2963
-24.2576
-19.6112
-20.7437
-23.8016
-24.8587
-16.8149
-19.0877
-22.7885
6.80151
6.99685
6.9219
5.0839
5.02343
6.66453
0.244276
0.94063
4.212
-7.44213
-6.73992
-0.522097
-17.7046
-17.9108
-9.3324
-24.8159
-25.7468
-20.5972
-24.3272
-24.8168
-26.2396
-19.216
-19.3676
-23.6698
6.79567
6.13242
6.59055
4.97626
4.72656
5.90515
1.18768
1.50198
4.15653
-6.36054
-4.96761
0.159624
-17.6233
-15.0883
-7.18425
-25.6788
-22.9771
-17.7216
-24.5593
-21.8231
-23.4749
-18.6671
-16.048
-20.5723
5.86939
4.94372
5.18577
4.57502
3.84043
4.77367
1.44716
0.972683
3.34576
-4.52691
-3.50439
-0.0250091
-13.7545
-9.49316
-4.88501
-21.1297
-14.2184
-11
-20.1392
-13.5944
-14.6027
-14.4058
-9.48429
-12.7123
4.58776
3.37853
3.61516
3.50499
2.30398
3.22442
0.734192
-0.171592
1.8092
-3.29914
-3.14591
-0.911409
-8.28784
-5.87649
-3.87775
-12.0203
-7.21887
-6.40533
-11.3719
-6.14988
-7.1735
-7.81886
-3.7579
-5.59373
2.92668
1.40588
1.71617
1.85969
0.364901
1.25021
-0.524321
-1.75075
-0.09309
-3.24304
-3.90909
-2.33183
-5.45605
-5.05361
-4.32473
-6.23132
-4.60421
-5.09938
-4.98275
-2.79324
-4.24554
-2.8349
-0.66032
-2.25252
0.838505
-1.21807
-0.208757
-0.207633
-2.32075
-1.13169
-2.26001
-4.31121
-2.58858
-4.25823
-5.97354
-4.65964
-5.14936
-6.12632
-6.07283
-4.38277
-4.46318
-5.8586
-2.38204
-1.69481
-3.87837
-0.305852
0.839961
-1.1093
16.5427
15.9025
15.5409
17.3728
17.1667
17.5608
14.3772
14.944
14.9731
18.1606
17.9392
17.3878
18.2062
18.3034
17.8225
17.5165
17.7269
17.3279
18.4769
18.3038
18.1281
18.8183
18.7305
18.8928
13.8561
13.273
13.3493
11.3109
11.7718
12.4776
7.89573
8.47572
7.80142
17.9923
18.0684
18.8358
13.3473
14.1998
13.7806
22.0701
20.8129
20.9752
19.2052
20.5346
21.6752
19.8093
20.0338
19.5398
20.856
20.2444
20.1538
18.7362
18.8306
18.6439
19.7259
19.52
19.5029
19.389
19.368
19.2705
17.639
18.4233
17.7542
19.009
18.711
18.3466
19.3902
19.3042
19.6575
5.10729
4.72323
5.50622
-1.70284
-0.479394
-0.230526
-0.925725
-0.947296
-1.89546
10.7326
9.90851
10.7431
-2.25507
4.5312
6.93042
-0.205706
-0.144417
-1.96719
16.9429
13.3435
15.9014
6.19598
9.47307
11.0224
3.19919
4.16064
0.71568
22.5159
23.0905
22.6496
-8.72941
-7.07705
-5.50331
9.95128
11.027
9.29926
21.2867
20.8857
19.8758
22.113
21.9022
24.8706
14.2193
16.1784
16.2133
13.6868
14.082
13.378
18.8092
17.6945
17.7347
-3.37003
-3.17654
-2.40954
-7.49427
-6.85603
-7.42763
-4.01468
-4.57329
-5.69505
-5.03596
-4.58585
-3.07516
-12.2162
-11.289
-12.5522
-18.3392
-13.631
-6.71128
-11.3241
-19.8939
-23.757
3.10273
2.27286
4.28453
-170.617
-189.824
-163.982
-78.2703
-87.2856
-80.4884
-9.54473
-10.9497
-10.1243
-36.3643
-30.2454
-16.7894
-115.138
-78.5301
-73.347
11.7925
12.5595
13.1844
12.0757
10.9995
8.67815
7.35547
7.98259
9.20392
4.91616
6.53786
6.09468
6.47915
6.19733
5.06374
-7.48936
-8.41433
-9.10486
-15.2384
-12.8233
-11.088
-14.602
-13.2834
-15.4387
-76.8072
-86.9517
-132.525
-20.8245
-32.7958
-36.2026
-24.9698
-30.9935
-19.6269
-20.5284
-31.0236
-35.1898
1.62426
-0.206489
5.22594
-7.87049
-5.02552
-7.38656
-3.93448
-2.7895
-10.1752
1.47391
1.20327
3.11759
-2.8214
-0.787704
-0.265755
-9.56707
-10.6608
-10.9378
-19.5821
-16.9901
-15.1029
-20.0396
-17.7405
-21.0641
-21.2571
-19.4075
-19.328
-26.8724
-24.3945
-23.8556
-37.7108
-36.0827
-39.6473
-30.6418
-33.5919
-32.0876
-33.3274
-35.9977
-16.1329
-44.4532
-39.8424
-38.5193
-62.1071
-58.8882
-60.2767
-37.3686
-24.5408
-28.4081
-5.20202
-6.73659
-4.8424
-9.46982
-8.31165
-6.48228
-14.6271
-13.5603
-13.486
-12.1016
-12.4923
-13.188
-9.97691
-10.8677
-10.5966
-32.9277
-27.613
-26.1694
-19.4942
-22.9552
-28.4569
-13.8283
-15.0525
-14.1765
-30.5038
-33.2004
-29.9384
-43.0509
-43.6534
-44.9629
-65.2707
-52.951
-46.6866
-18.4944
-22.5802
-22.2741
-10.3021
-12.2865
-11.1582
-46.192
-47.3997
-46.8089
-19.7699
-21.7815
-18.9943
-28.6254
-27.4914
-24.8035
-8.33346
-10.273
-10.1284
-8.97633
-9.83064
-8.17356
-16.5322
-14.1655
-12.9495
-14.6688
-13.7447
-16.2668
-7.27649
-7.55928
-6.95524
-10.1629
-9.97878
-8.48563
-15.3153
-11.9322
-47.6766
-5.80434
-6.31403
-7.43453
-2.89739
-3.89159
-7.58016
-19.771
-20.2971
-16.3941
-30.0563
-30.2221
-27.4321
-8.04579
-9.00606
-10.5508
-11.1017
-9.28946
-7.60707
-14.1158
-12.7006
-13.7353
-18.2128
-17.4821
-21.8512
-0.406845
-0.62377
-1.86879
-12.6433
-14.5097
-17.37
-1.69578
-7.2316
-4.75292
-3.38629
-3.95369
-2.87567
-6.93524
-5.65096
-5.58237
-11.1686
-9.26681
-10.1722
-7.12137
-5.65533
-10.0997
-21.4604
-20.0114
-21.3628
-11.1086
-12.412
-14.0528
-17.913
-20.5228
-23.4011
-10.3127
-12.9365
-11.6392
-4.4798
-4.48752
-3.16804
-9.64304
-8.76434
-8.59352
-2.82195
-2.81809
-2.49751
-9.39071
-6.13758
-5.99245
-8.49603
-8.40306
-9.31255
-20.8028
-20.5931
-19.8405
-33.2916
-27.556
-25.1858
-34.7555
-31.067
-40.199
-21.8345
-20.9058
-19.7094
-23.5214
-22.1592
-23.4942
-17.0558
-16.3629
-15.4117
-18.5396
-17.4135
-18.0772
-11.0514
-11.1658
-10.4341
-14.3219
-13.4809
-13.2724
-14.5872
-13.9375
-14.7483
13.591
12.7359
12.6886
12.3392
12.736
13.6352
10.9732
11.8458
11.8481
17.5655
17.0034
16.5752
17.6535
17.3611
17.7449
8.76847
7.37308
8.37251
5.34641
6.95087
8.36289
5.51122
6.54557
4.97106
19.8236
19.424
19.8428
18.6097
18.9849
19.3974
20.2778
20.0567
19.922
20.2456
20.1684
20.4351
18.1618
18.338
18.1318
18.7865
18.5572
18.3857
14.71
15.8597
15.5713
16.1677
15.9479
14.7219
17.5124
16.3592
16.6836
1.33544
1.37827
2.47791
-1.10879
0.178601
0.628752
0.10823
0.16944
-0.992767
4.75631
5.90317
6.58456
17.078
16.832
19.4521
8.58153
15.26
16.0516
-3.67452
-1.24568
-3.20969
21.178
19.6702
19.604
19.7114
19.6761
21.7445
16.6095
18.8429
17.8214
16.8449
17.458
17.3317
17.6311
17.5638
16.8901
10.1772
10.9553
10.1551
13.3908
11.8764
11.0956
-63.7258
-53.5407
-63.0529
4.55347
0.955498
7.18357
-8.55093
-1.67602
2.28028
-12.895
-3.67811
-10.2221
36.937
18.7556
19.7176
34.3138
50.3445
70.8973
3.52281
11.4827
-2.12627
19.197
27.8715
24.8184
10.9527
15.447
13.5083
14.4502
15.4538
14.2482
18.0774
16.6257
15.7268
-10.9952
-10.3111
-9.65932
-11.4814
-10.9168
-11.5895
-40.5654
-34.0835
-40.1545
-16.8809
-19.5059
-23.2512
-16.1857
-18.5811
-16.9795
-68.7316
-66.317
-93.3587
-35.8824
-46.7105
-49.8562
-37.5226
-42.3039
-33.0288
-14.1203
-13.7493
-11.9454
2.60875
2.62427
3.75762
0.175208
1.44115
1.44912
-14.9323
-14.1836
-13.7107
-15.2028
-14.6844
-15.4895
-18.9986
-20.4759
-16.8555
-45.778
-34.5371
-32.8373
-22.0669
-23.7377
-45.2926
-27.2991
-31.7853
-25.3616
-41.9924
-37.531
-33.8593
-6.59918
-7.50489
-6.22178
-9.95009
-8.72646
-7.62841
-51.3837
-55.4345
-51.1397
-75.3405
-147.206
-101.341
-49.6795
-129.292
-66.0296
-36.5394
-37.6694
-36.0044
-72.3055
-62.1506
-64.7832
-20.1164
-17.8435
-21.6642
-11.8374
-16.3786
-18.1
-12.3931
-12.0788
-9.49622
-12.62
-18.5964
-9.21341
-18.7222
-19.514
-11.7029
-39.0116
-42.305
-44.6469
-24.4382
-39.5917
-36.2795
-18.1666
-37.8812
-21.8655
-12.3773
-13.9717
-13.6541
-13.7404
-14.0163
-12.3274
-18.3108
-16.0198
-15.8891
-10.5458
-10.3197
-10.9185
-9.57079
-9.8604
-10.1475
-10.7586
-11.5361
-11.8807
-11.2206
-11.4034
-10.7425
-41.9199
-39.0489
-40.0274
-17.9792
-23.2502
-42.0648
-12.5034
-19.2623
-15.3504
-40.1131
-42.7319
-42.7293
-45.0849
-45.9889
-45.4064
-8.58775
-6.83372
-8.34701
-7.45096
-6.49042
-8.19007
-1.27293
-2.56593
-5.35588
2.91061
0.324449
-9.49087
-2.46664
0.868982
2.44104
-6.41308
-0.931542
-3.25829
-5.87436
-6.06103
-7.63929
-4.49837
-4.20955
-3.27159
-7.11793
-8.46544
-7.92786
-11.3121
-8.93592
-7.73193
-9.60716
-9.17414
-11.1626
-5.54438
-4.98723
-4.4575
-6.22322
-5.66422
-6.06529
-14.2267
-12.1572
-12.4891
-12.2479
-12.0146
-13.9682
-5.42339
-4.99399
-1.3535
-14.4197
-7.3098
-7.92128
-6.15821
-7.00906
-13.449
-24.0963
-23.5076
-13.1677
-45.0513
-34.2684
-36.1627
-27.9995
-31.0202
-39.3434
-21.4814
-21.0373
-20.6376
-21.5175
-21.3178
-21.9424
-17.1521
-16.842
-16.2461
-18.0413
-17.4454
-17.7646
-11.8989
-12.2453
-11.6213
-13.3539
-12.8361
-12.5448
-13.6249
-13.2047
-13.7153
-14.3627
-13.0588
-10.4628
-15.3691
-14.5029
-15.8905
-13.3386
-13.7316
-14.5858
16.3064
16.7366
16.9174
16.4122
16.5873
16.1955
17.3323
16.9481
16.7318
18.4836
18.7972
18.6508
18.9637
18.89
18.565
17.6954
17.9685
17.6461
18.4772
18.2232
17.903
18.655
18.8853
18.9524
18.7045
18.808
18.593
18.746
19.0303
19.0041
18.997
19.0257
18.7418
18.3631
18.5534
18.6329
18.3625
18.4835
18.2991
18.8015
18.6396
18.5303
11.908
12.5167
12.3138
12.7926
12.6756
12.0975
9.46997
9.01786
8.43549
10.3611
9.66489
10.0852
15.9507
15.2122
15.2084
14.5896
14.9961
15.7509
20.6306
20.2525
20.2739
20.0908
20.1963
20.5764
19.6421
19.4691
19.3557
19.7695
19.6263
19.7881
19.4571
19.4914
19.6337
19.1578
19.3604
19.3705
18.4478
18.7267
18.9722
18.093
18.4292
18.1693
3.17365
3.51814
2.6472
5.07722
4.33149
3.96244
0.816395
-0.0410465
-0.0891982
0.0750949
0.034758
0.941395
24.9897
25.7303
22.9722
21.2233
23.3515
23.2792
18.8655
17.3237
15.3802
21.589
19.417
20.6526
15.3943
17.2002
18.4997
20.3737
19.8973
20.4139
15.3456
15.1399
15.9211
13.7222
14.4023
14.6502
-5.95363
-6.37452
-7.01315
-5.11648
-5.75957
-5.38155
-6.65687
-6.15995
-5.42187
-7.51869
-6.06999
-6.70701
-5.16179
-5.54676
-6.84218
-30.1999
-39.8239
-36.1293
-36.6847
-41.3578
-29.7273
-105.456
-92.2659
-76.0933
-108.622
-134.61
-118.853
-92.4528
-107.567
-87.3032
-123.343
-137.964
-121.221
-78.7044
-76.8425
-76.5245
-95.1011
-102.116
-102.322
-18.3694
-16.0895
-12.6443
-21.1442
-19.0253
-22.014
8.20235
7.23069
7.57608
6.62321
6.86679
7.79987
4.84875
5.87752
5.65637
-8.11915
-8.65834
-9.13748
-7.58908
-8.15286
-7.65934
-9.72495
-10.2945
-10.6536
-9.54731
-9.9414
-9.39896
-13.055
-12.4042
-11.9646
-13.2625
-12.8309
-13.4924
-98.3271
-91.6089
-94.9807
-37.6018
-40.362
-40.5774
-47.2149
-43.7876
-37.8994
-82.9843
-83.1353
-95.1804
-5.94885
-4.18905
-1.38822
-10.8919
-4.65271
-7.61698
1.48991
-3.38183
-9.21485
-20.213
-17.6129
-11.2598
1.50923
1.57391
-0.144431
5.07227
3.32101
3.39807
-6.7951
-6.11435
-8.21416
-2.05642
-4.07592
-4.54026
-1.99679
-2.39504
-1.10597
-4.95525
-3.67152
-3.2073
-10.9969
-11.6399
-11.947
-10.9864
-11.3282
-10.7311
-11.8595
-12.5818
-12.6888
-12.2022
-12.4306
-11.752
-17.2673
-16.1245
-15.6966
-16.8305
-16.4883
-17.8079
-20.913
-24.53
-25.2946
-23.328
-23.8482
-20.7397
-35.7776
-28.2281
-27.0192
-44.9904
-49.9847
-54.7621
-43.3459
-46.485
-42.7674
-56.1652
-58.0422
-48.8772
-43.9821
-46.898
-45.0164
-48.4918
-48.0401
-45.0634
-17.1182
-15.0728
-17.2689
-10.4287
-12.7433
-14.4464
-24.4745
-21.1999
-22.2794
-19.1295
-20.3822
-23.2912
-10.5532
-11.9354
-11.0052
-13.231
-12.6483
-11.1071
-13.4277
-13.5481
-14.3895
-11.9896
-12.7626
-12.5757
-12.7503
-12.8095
-12.0777
-23.0717
-21.578
-18.762
-32.9969
-25.9439
-28.0643
-33.9805
-34.0227
-32.3637
-40.4252
-41.476
-39.7191
-39.7617
-40.1846
-39.7756
-31.6696
-27.051
-30.1946
-20.8328
-20.8118
-23.5403
-15.8892
-18.0286
-18.8467
-29.8107
-29.5721
-30.6798
-25.5277
-25.4401
-25.9767
-30.086
-30.1805
-32.7758
-31.0361
-29.4902
-31.1852
-26.6871
-28.181
-29.1059
-8.42311
-8.07163
-7.70531
-9.54082
-8.60375
-8.9968
-6.50031
-6.70052
-8.22577
-8.02614
-2.31363
-0.856567
-29.5063
-28.2622
-27.7202
-28.1103
-24.9175
-22.8807
-39.3201
-37.9657
-35.7812
-12.5865
-14.6949
-12.2091
-5.41848
-3.30825
-2.63647
-8.05535
-11.2601
-9.74205
-13.9923
-12.7051
-9.27181
-5.31761
-5.75885
-8.62752
-2.45258
-3.74749
-3.2699
-8.00444
-8.49221
-10.5933
-5.84698
-7.01903
-6.55064
-19.6397
-19.5519
-20.1001
-18.1343
-18.8858
-18.8886
-20.5641
-20.5941
-20.0701
-20.4879
-20.6829
-20.7623
-12.5519
-13.0598
-13.8613
-11.6564
-12.3597
-11.7644
-16.2203
-16.4838
-17.3268
-14.7307
-15.6155
-15.2814
-6.20199
-5.83922
-6.90753
-3.37407
-4.65723
-5.03828
-4.73975
-3.67274
-3.53497
-3.98768
-3.78437
-4.88716
-7.2785
-7.36078
-6.33401
-9.28814
-8.32661
-8.28782
-23.0555
-21.68
-21.6152
-21.7649
-21.6995
-23.4335
-19.2378
-20.2986
-19.9866
-19.4395
-19.1867
-18.6277
-20.1939
-19.7129
-20.0182
-15.0074
-14.5841
-14.0901
-15.6665
-15.1144
-15.5345
20.2168
20.4056
19.9393
21.4573
20.8735
20.6749
20.8954
20.9449
21.5313
10.4016
9.83821
9.09989
-23.1967
-30.4779
-35.5012
-25.1015
-28.7649
-23.2818
-35.5514
-30.6704
-25.3953
-74.4826
-72.9639
-74.8369
-23.0937
-23.1195
-24.5012
-22.3609
-22.8308
-22.7413
-22.1152
-22.7896
-22.836
-31.4192
-34.4931
-32.4895
-38.7733
-36.4947
-33.9247
-23.2426
-24.3524
-23.8118
-25.6237
-25.0067
-23.5949
-29.3063
-26.8288
-27.5396
-44.3882
-45.0073
-47.747
-37.0618
-40.9012
-42.8563
-53.0436
-39.3334
-31.8793
-28.2611
-31.3544
-31.9316
-29.7985
-30.5829
-27.875
-37.6569
-33.7014
-32.3651
-25.7041
-22.0134
-34.3076
-10.7144
-14.8118
-16.3621
-12.618
-13.5583
-10.4004
-5.59124
-6.28697
-5.31398
-8.19913
-7.25896
-6.68675
-8.76105
-7.94992
-8.79573
-19.6792
-18.961
-16.9709
15.438
15.354
15.9025
18.4623
18.3798
18.5487
16.5017
17.2785
17.1259
17.3214
17.3572
16.6422
18.7563
18.0779
18.039
19.3721
19.3999
19.4454
19.3788
19.3753
19.3041
19.3382
19.3789
19.4178
7.61854
8.87478
9.73997
7.306
8.06694
6.79094
9.93148
9.12408
8.34981
2.9607
1.51152
1.31861
2.21753
1.82124
3.40047
-2.07796
-0.00718083
0.190845
7.03333
8.16634
4.9103
12.8938
10.8239
9.69013
13.6331
12.124
14.1536
24.064
23.5606
22.6825
23.3992
23.7754
24.339
22.7356
23.2384
22.9715
22.8931
21.9332
22.567
20.8751
21.3654
22.1163
19.6363
20.5363
20.2196
-4.69872
-3.95152
-4.20463
-9.50194
-10.3001
-11.1954
-8.09572
-9.2589
-8.50864
-11.3609
-10.1774
-8.91022
-14.9178
-19.2002
-28.1241
-6.292
-11.7311
-9.85037
-0.915569
-0.286276
-2.18251
3.66122
1.70111
1.16941
-89.3813
-95.454
-102.67
-60.3502
-73.8818
-110.144
-41.9318
-53.5059
-44.9531
-55.1924
-57.0402
-44.6544
14.495
12.9346
14.3504
10.8238
11.7507
13.1772
8.08109
10.0755
9.30834
0.668421
-25.8236
-20.0457
-42.1281
-42.7265
-43.5646
-40.1127
-41.0679
-41.5308
-23.1695
-26.7329
-25.0715
-30.4861
-28.5992
-24.8598
-47.888
-49.2397
-51.5167
-44.7772
-46.9913
-46.1635
-56.3842
-57.5548
-60.2798
-52.0495
-54.7864
-53.9173
-56.3047
-55.6043
-52.5765
-13.5753
-12.9431
-13.1796
-28.8149
-28.5943
-35.2784
-21.123
-24.2195
-23.9738
-23.0973
-23.8698
-21.0821
-41.368
-42.4035
-41.7476
-43.5522
-42.998
-41.9389
-45.6143
-44.254
-44.9115
-55.6024
-56.0368
-72.8229
-39.8799
-41.1885
-40.2684
-42.3474
-45.508
-41.6477
-15.5839
-15.3053
-17.4811
-5.48074
-5.68469
-5.17366
-9.0276
-6.83487
-6.51682
-8.63023
-7.53347
-9.88198
-43.6455
-36.5877
-35.8559
-33.2494
-35.3799
-39.0088
-27.1085
-29.7988
-29.2432
-9.67448
-13.3453
-13.9481
-9.68942
-11.8496
-8.26207
-20.8094
-16.1064
-13.9496
0.647547
0.258809
0.817534
-1.51547
-0.479484
-0.702343
-1.86313
-0.965718
-1.56432
-18.5855
-19.0542
-20.3157
-15.7865
-17.5079
-17.2095
-19.2866
-18.2436
-16.2797
-10.6448
-11.3471
-11.5804
18.6212
17.0802
18.8191
12.7248
12.2561
15.8449
4.17003
8.02025
9.68145
-35.6325
-39.6875
-34.6755
-52.0971
-45.3598
-40.3589
9.23943
19.5228
8.76831
25.0508
23.9899
14.3671
52.6344
37.2762
34.3228
48.1876
60.4935
67.4187
34.0649
52.0935
41.4199
5.02921
20.1603
16.9892
-12.8639
-16.6105
-13.3567
-17.3613
-15.7512
-15.8319
-10.5241
-13.6911
-12.7611
-78.7798
-83.9423
-89.6844
-41.7048
-43.3504
-40.8973
-47.3839
-45.5351
-43.8021
-122.609
-103.766
-73.0494
-117.897
-117.712
-139.729
-64.474
-88.1993
-88.4266
-39.5798
-38.8008
-38.0657
-36.86
-38.5133
-39.959
-43.6815
-40.5352
-41.4274
-55.3987
-59.463
-68.7127
-46.457
-52.2083
-49.7785
-56.4183
-54.0755
-47.5631
-13.2986
-36.5803
-54.1268
-30.2452
-30.9996
-21.0318
-39.5292
-39.3172
-42.9843
-31.0863
-34.9297
-33.0948
-37.9501
-36.2362
-34.0546
-44.2607
-43.3795
-41.0937
-46.3155
-44.8537
-45.1511
23.4992
22.5872
21.2645
25.0271
23.8795
24.6374
25.6671
25.0448
25.1152
24.2367
24.5956
25.1981
14.5616
15.8724
14.0971
18.5041
17.2838
16.0364
19.9372
18.5708
19.6483
-55.5666
-69.2135
-64.8948
-63.9417
-70.5368
-54.6499
-151.639
-133.777
-115.631
-161.868
-149.765
-167.54
-73.7595
-72.5482
-71.4387
-75.142
-75.6878
-74.7152
-104.339
-104.155
-100.872
-17.1927
-15.7066
-15.0143
-17.1174
-16.4437
-18.1347
-61.8553
-79.6137
-84.0473
-51.033
-56.061
-44.9535
-77.7211
-69.0571
-57.793
-23.5364
-22.2165
-20.1487
-55.5507
-58.1643
-60.9284
-53.6543
-56.0033
-53.6869
-61.285
-65.1498
-65.5564
-63.3077
-64.5648
-60.6862
-48.5274
-50.5531
-49.0574
-52.9458
-51.8434
-49.6685
-37.6167
-38.5277
-38.0555
-40.9688
-41.0072
-41.8844
-40.3437
-40.4229
-40.5302
-24.7065
-26.4696
-29.5878
-20.8969
-24.4976
-23.1202
-27.2647
-28.4243
-28.3647
-28.4517
-28.3875
-26.8711
-25.2643
-25.9557
-23.4793
-30.3419
-28.2294
-26.1475
-22.788
-22.5342
-24.2172
-25.8715
-27.3318
-27.696
-26.2366
-26.7524
-25.3645
-29.7584
-33.9611
-29.5494
-34.06
-34.7388
-31.1915
19.286
19.8665
20.3473
17.7379
19.0225
18.4146
21.3473
19.9928
18.6681
-13.6898
-9.69057
-8.11712
-12.1852
-10.7479
-15.6626
4.39697
1.5224
4.41067
-3.50664
-0.581754
1.9743
-8.62049
-4.36353
-6.84265
-16.511
-16.2149
-10.5333
-23.292
-18.0774
-19.0505
-21.6036
-18.5987
-23.0934
-16.6261
-13.8517
-8.42807
-23.1261
-18.9594
-23.2436
-14.641
-16.2353
-19.8431
-29.5569
-25.1418
-24.4969
-22.6981
-24.8326
-29.5155
-22.877
-23.9053
-21.8656
-48.0537
-47.0055
-47.3984
-45.9823
-46.5245
-47.3671
-0.497079
-2.17286
-0.536345
8.80614
6.78479
5.83692
8.67587
7.72488
9.76152
1.74673
5.09797
6.03207
10.3918
12.0537
13.3273
-74.7911
-65.6435
-70.0398
-10.9921
-12.0558
-12.8303
-44.9006
-59.0176
-56.891
-52.4138
-56.5733
-43.0766
-124.857
-85.3721
-71.9612
-8.56447
-3.36836
-7.33574
-6.03696
-3.96432
-6.54344
-5.41111
-4.23935
-5.22303
-26.0103
-25.1257
-28.373
-21.0693
-22.7229
-22.9581
-22.6034
-22.6119
-21.3904
-38.4352
-35.1681
-33.7298
-34.8454
-34.5166
-31.5037
-42.9899
-38.2935
-38.4982
-35.5692
-37.3201
-42.0363
-17.4245
-14.3278
-12.7506
-8.78977
-11.2185
-12.4911
-10.2224
-10.6083
-9.06876
-12.7293
-11.7899
-11.1037
2.9392
1.24378
5.80661
-0.324954
1.22525
2.94499
-7.83732
-5.36506
-4.44907
-7.1302
-6.09166
-8.76756
-26.7194
-29.7106
-31.9021
-24.7806
-27.1442
-24.2103
21.9415
33.9478
21.5157
71.5471
56.288
54.6797
21.6114
17.8359
11.3755
23.6304
21.7375
26.2724
16.1893
18.6177
20.5178
79.3154
91.7754
85.036
70.1955
85.7479
75.7463
-24.918
-28.9667
-32.9912
-23.0147
-25.7019
-22.8506
-32.536
-29.0362
-25.085
-35.7577
-35.6432
-47.9504
-23.1298
-27.9473
-28.3776
-26.1399
-27.092
-22.438
-15.9063
-14.1863
-14.677
-14.4417
-14.1641
-15.8013
-10.2989
-12.316
-12.7996
-60.419
-75.5992
-81.0627
-52.5815
-59.3756
-50.1124
-0.168135
-0.996123
1.29571
-4.20886
-2.20093
-1.53536
-3.6958
-2.95409
-5.11977
-149.124
-142.638
-115.813
-133.458
-152.234
-155.51
-48.2949
-40.7998
-36.9019
-45.7915
-42.9817
-50.0741
-17.88
-16.0199
-6.41784
-31.9755
-24.4177
-30.4005
-10.0704
-6.0847
-6.47909
-17.9348
-15.5805
-15.3073
-15.7945
-15.6734
-17.7942
-57.5642
-53.5743
-54.0648
-51.2645
-52.5946
-56.8942
-36.8531
-35.5068
-35.3846
-34.6383
-35.0738
-36.6842
-37.0226
-35.6746
-34.4835
-37.5197
-36.3342
-37.8266
-24.7146
-19.9641
-20.3283
-18.2351
-19.7986
-26.6013
-34.1257
-40.6777
-52.4471
-23.715
-31.6839
-27.5727
-38.569
-36.0361
-25.6803
-42.1022
-43.247
-48.2132
11.2634
13.986
12.6088
18.0115
15.0316
11.0657
41.5505
36.324
49.8093
23.9005
28.5471
33.3525
-32.9641
-30.0033
-33.094
-22.9141
-26.499
-28.3262
-23.412
-24.8733
-22.0305
-51.4873
-56.2054
-56.7903
-49.6042
-53.8469
-49.4704
-71.4018
-60.591
-54.9161
-73.291
-62.7626
-58.3341
-51.1591
-46.3805
-49.2147
-38.3336
-42.7149
-46.7308
8.93247
8.77967
7.97481
10.4697
10.5013
9.57951
12.036
12.3082
11.3725
13.401
13.9142
13.121
14.3008
14.9881
14.5203
12.2002
12.3595
12.9704
6.95823
6.47797
5.80496
11.2031
11.1171
11.8472
4.64169
3.95266
3.61886
9.19933
8.96691
8.30187
12.0312
11.9661
11.1252
15.1495
15.3745
15.8372
13.3666
13.4251
13.9359
9.57996
9.28751
9.92938
3.12621
2.18323
1.95536
5.30888
4.6814
4.33979
7.25342
6.95128
6.62495
10.6633
10.4356
9.9218
16.4931
16.6499
16.9485
13.506
13.4443
14.3332
8.77187
8.23907
8.90335
1.13355
-0.0121905
0.0573444
2.24629
1.24063
1.08964
3.72681
3.07705
2.85224
13.2104
12.5013
11.6016
20.553
20.5451
19.49
19.0905
18.8136
18.6233
13.6078
13.5056
13.9894
7.44729
6.57702
7.11212
-1.19325
-2.38786
-1.94587
-4.00776
-6.24521
-5.55553
-4.33173
-4.62218
-7.32897
13.0698
11.4599
9.69728
28.0289
30.8712
30.5546
7.27548
6.48535
6.85211
5.46862
4.2365
4.42965
-3.48481
-4.45298
-3.7248
-17.545
-17.5846
-15.9861
-63.0551
-53.2067
-63.8903
-16.1833
-17.4072
-19.8268
6.08237
3.42402
2.97014
3.05437
1.81961
1.65639
2.81597
1.4723
1.13285
-17.2936
-18.0061
-17.8369
-16.7154
-16.5618
-16.305
-23.9982
-23.0668
-22.4077
-24.4667
-23.8753
-23.9152
-31.1201
-32.6582
-30.2782
-15.5816
-19.9771
-21.5217
-1.93643
-3.01973
-3.97568
0.147866
-1.00319
-1.87966
-43.3068
-52.5553
-40.9501
-20.5355
-19.6175
-19.8408
-5.36273
-5.78635
-6.91158
-1.9956
-2.67513
-3.64587
-39.3184
-31.6092
-31.5931
-10.227
-8.38929
-9.23043
-8.2892
-4.20418
-1.51713
-11.2455
-9.50044
-10.8099
-3.21119
-3.62868
-4.36723
-9.38308
-9.45819
-9.27511
-8.94934
-8.94055
-9.14365
-24.942
-23.049
-22.4836
-14.5298
-15.088
-16.2808
-2.30816
-2.43144
-2.6773
-3.81373
-5.40638
-5.55008
-4.06576
-4.67916
-5.5905
-7.84025
-8.08293
-7.28034
-9.45856
-9.98018
-9.02261
-10.3212
-10.7443
-10.3443
-12.1334
-14.8194
-12.6778
-13.0146
-16.2393
-15.5443
-10.1922
-11.0271
-10.9979
-15.4913
-19.3513
-16.545
-20.1099
-25.2287
-27.4423
-8.39237
-9.43291
-13.8737
-5.13235
-5.61858
-7.07125
-10.5735
-11.1247
-9.60555
-22.1516
-23.4593
-19.0159
-44.2354
-44.1411
-40.1508
-46.719
-47.0316
-55.528
-24.4022
-24.4986
-27.0927
-18.6421
-19.0789
-20.1247
-15.3928
-15.889
-16.5245
-14.9812
-14.977
-14.9178
-20.8408
-18.4277
-16.9827
-19.2543
-10.5725
-12.7837
-8.74155
-6.4694
-8.18082
-11.2193
-11.0567
-9.69621
-15.2279
-14.5544
-12.7017
-19.5378
-18.5948
-17.0976
-28.6464
-24.479
-23.4257
-25.9727
-20.8059
-22.4091
-21.4889
-20.7582
-20.5031
-19.9531
-20.3795
-20.863
-16.8019
-17.0517
-18.0068
-13.5698
-12.9862
-14.0399
-9.9505
-7.9137
-9.32902
-3.78418
-0.704933
-1.01963
-4.22874
-2.87058
-1.83078
-10.7596
-10.3385
-8.98804
-14.2042
-13.8255
-11.9723
-16.9393
-16.6681
-15.6579
-19.6763
-19.6445
-19.162
-19.1069
-21.1488
-20.2886
-23.008
-25.309
-24.2604
-23.2203
-24.7811
-25.6419
-18.1712
-18.7368
-20.48
-11.7052
-11.5314
-13.3138
-4.98918
-4.756
-6.4423
0.100595
-0.429182
-0.739314
-2.43353
-2.27448
-1.4094
-9.72924
-8.90224
-7.66582
-13.2548
-12.3617
-10.4534
-16.2293
-16.0243
-14.7734
-21.7364
-22.6896
-20.6767
-29.8221
-32.9696
-30.4064
-34.4646
-37.562
-37.5583
-30.454
-31.9345
-33.9233
-20.835
-21.4741
-24.2636
-11.6873
-11.8488
-13.918
-5.17334
-5.58997
-6.8205
-2.05837
-4.44239
-4.38285
-3.15772
-4.57164
-4.79854
-7.83681
-6.52081
-5.67144
-11.02
-9.19715
-7.68553
-14.5676
-13.6829
-12.329
-24.0736
-23.5086
-20.1466
-40.3138
-40.8071
-36.4844
-44.1037
-44.1766
-46.3054
-32.5259
-31.4218
-33.8379
-22.2169
-21.9343
-24.6532
-12.1111
-12.098
-14.1117
-7.20924
-7.72334
-8.33521
-7.10167
-9.48206
-8.68437
-6.27703
-8.43879
-9.93173
-5.03782
-3.48097
-3.06999
-6.96711
-4.62964
-4.00666
-9.79324
-8.20715
-7.51725
-17.673
-14.6274
-12.3065
-32.1656
-26.7376
-23.8405
-34.1846
-28.8903
-29.9729
-25.7467
-23.5849
-24.44
-19.7998
-18.8585
-20.589
-11.6802
-11.4915
-13.0398
-8.93211
-9.229
-9.28331
-11.1387
-11.9265
-10.7023
-9.58607
-10.6347
-12.5231
-1.98443
-0.540818
-0.574343
-2.38945
-0.383091
-0.476445
-3.57413
-2.20514
-2.03375
-5.74038
-3.56338
-3.0331
-11.1059
-7.68037
-6.39296
-15.6012
-12.689
-11.5579
-17.7902
-16.2314
-15.5316
-16.2923
-15.7553
-16.4024
-11.4307
-11.7953
-12.7422
-10.2068
-10.7505
-10.6186
-12.0411
-12.0918
-11.6339
-10.4208
-10.3829
-11.8553
0.724699
1.87579
1.54208
1.33099
2.76835
2.3012
1.12521
2.06897
1.9925
0.861755
1.95053
2.12143
-1.68574
-0.349854
0.498418
-6.95366
-5.87447
-4.13425
-13.037
-12.5104
-11.019
-15.7775
-16.3492
-15.7492
-14.8154
-16.4709
-16.7507
-13.582
-14.9146
-15.2538
-12.3129
-12.8545
-14.144
-9.9223
-9.97608
-11.529
2.82451
3.64644
3.13584
3.96644
4.94571
4.28781
4.29212
4.92222
4.7223
4.59798
5.29881
5.34237
2.39706
2.68651
3.85932
-4.18345
-3.90587
-2.04183
-12.0919
-12.1591
-10.0361
-19.1188
-20.0796
-18.3321
-21.821
-23.1769
-23.109
-18.981
-20.0703
-21.1135
-13.5574
-14.0601
-16.7021
-9.73954
-9.75304
-11.7138
4.26941
4.74141
4.16389
5.70207
6.23478
5.48905
6.3426
6.70858
6.44321
6.50855
6.4593
6.92283
3.01151
3.09285
4.1658
-3.21243
-2.9104
-1.13556
-12.4949
-12.5153
-9.80858
-22.1037
-22.5231
-20.3702
-25.4891
-25.8668
-25.8131
-22.0835
-22.3613
-23.6143
-14.1383
-13.6656
-16.9393
-9.29461
-8.75101
-10.8718
5.02938
5.15758
4.56939
6.55097
6.47192
5.81427
7.1143
6.95509
7.03496
6.11218
5.96155
6.32626
3.36201
3.44536
4.23598
-2.01623
-1.77155
-0.0543777
-11.6873
-11.131
-8.3809
-22.7879
-22.3004
-19.8832
-26.0473
-25.5842
-25.7123
-21.9544
-21.3228
-22.7699
-12.5786
-10.9005
-14.0345
-7.74356
-6.56631
-8.39031
5.06358
4.84651
4.40914
6.06451
5.4894
5.28356
6.08732
5.78997
5.89964
5.37675
5.12985
5.39075
3.39209
3.22807
3.86966
-1.19208
-1.09945
0.170662
-8.81889
-7.95491
-5.94307
-18.3155
-16.3615
-14.4461
-21.5886
-19.4278
-19.4445
-17.5305
-15.7028
-17.0116
-8.76373
-6.43437
-8.51298
-5.12923
-3.71772
-4.83479
4.46334
3.97689
3.78205
4.76996
3.96063
4.07592
4.75884
4.38161
4.43538
4.19761
3.82612
4.04964
2.37734
2.01527
2.63427
-1.16179
-1.28176
-0.393757
-5.73029
-5.21738
-4.17849
-10.5677
-9.04094
-8.22247
-12.271
-10.1816
-10.2652
-9.69417
-7.88383
-8.67275
-4.20413
-2.2981
-3.30821
-2.18831
-0.832562
-1.46789
3.39525
2.77093
2.8639
3.09712
2.16749
2.4969
3.10869
2.63868
2.71157
2.55553
2.08024
2.2968
0.798027
0.359274
0.914174
-1.91046
-2.19965
-1.5525
-4.45858
-4.43431
-3.94754
-6.0925
-5.57403
-5.43753
-5.82697
-4.94957
-5.2751
-3.86937
-2.98532
-3.54037
-0.779634
0.397043
-0.282668
0.307857
1.39086
0.946657
2.14819
1.55101
1.81587
1.20574
0.240221
0.874219
1.10047
0.527275
0.661506
0.458779
-0.160307
0.0680046
-1.16371
-1.77142
-1.2695
-3.33914
-3.86569
-3.36359
-4.89768
-5.22942
-5.00829
-4.96787
-5.02053
-5.24405
-3.4756
-3.25195
-3.79472
-1.25662
-0.902211
-1.48541
1.31288
2.02832
1.33508
2.10356
2.9451
2.53999
1.06296
0.80663
0.68065
-0.700902
-1.50057
-0.44253
-1.91136
-3.24739
-2.39555
-3.14342
-4.7998
-3.96098
-5.19385
-7.14213
-5.87366
-6.95584
-9.04064
-8.27291
-7.0495
-8.74014
-9.20022
-5.25265
-6.19311
-7.68593
-2.16851
-2.57458
-4.42047
0.77069
0.780713
-0.795618
2.59286
2.99421
2.05262
-2.15911
-2.39869
-1.39581
-4.61221
-5.96508
-3.73494
-6.6351
-8.50496
-6.81239
-9.46572
-12.0726
-9.73916
-11.6163
-14.7795
-12.9697
-10.8878
-13.6721
-13.9924
-7.47572
-9.2614
-11.3935
-3.05309
-3.66446
-6.29574
0.712442
0.813412
-1.45074
22.2233
21.81
21.6539
19.5607
20.2283
20.433
19.3719
19.5761
19.4556
21.374
21.0196
21.0716
17.2358
17.5002
17.3055
-1.91651
1.5078
2.27829
18.4158
17.3557
17.7732
24.1172
24.3721
25.9348
14.5154
15.067
15.1244
-14.2008
-16.4122
-17.1996
-25.4425
-24.6025
-20.2382
-14.6607
-13.5409
-12.9584
-15.7933
-15.3734
-15.9106
-23.2723
-25.9314
-26.8731
-18.7653
-19.6231
-17.7302
-25.2072
-27.4407
-29.3585
-8.48735
-8.49811
-11.712
-17.4802
-16.9722
-16.3164
-24.5243
-22.8786
-25.0244
-21.5791
-20.6312
-21.5837
-20.8201
-19.6342
-12.8243
-44.7388
-43.6883
-44.7747
-42.2604
-36.5762
-36.8014
-20.195
-20.6891
-21.2029
-9.45658
-9.30087
-9.06679
-31.8091
-32.0494
-48.4192
-9.78735
-10.0783
-11.1793
-9.26966
-8.85212
-7.78185
-1.53768
-2.21111
-2.22247
-9.2095
-8.63533
-10.5209
-17.6492
-19.1744
-19.4998
-9.07095
-10.0844
-9.67464
-9.85836
-8.53994
-8.85692
13.3812
13.3815
13.9453
10.4846
10.973
10.8478
16.2427
16.6923
16.3881
17.1338
16.9679
16.6978
18.0158
17.8744
18.0791
9.4206
8.95299
9.23004
6.20422
6.82798
7.3346
4.58094
4.87295
4.32476
14.6546
14.9919
14.9336
15.1554
15.1626
14.7068
17.9408
17.5063
17.6943
2.64928
2.49488
3.03106
-1.63945
-0.884131
-0.896831
18.5117
18.5
19.0234
10.5524
12.5037
13.4359
20.3502
20.1726
19.9377
23.3332
22.4065
23.4414
14.4305
15.5568
14.44
10.8122
11.5577
12.0089
12.7236
12.1037
11.7032
8.43906
7.48563
8.9901
-6.15463
-3.69394
-2.63228
-16.5048
-13.3015
-14.8175
28.8957
26.2114
24.5703
-1.66659
-0.60584
-4.07883
20.0735
21.8572
21.64
-16.7239
-17.7676
-18.1525
-16.3706
-16.7391
-16.8921
-16.2994
-16.5235
-16.3027
-45.635
-40.7578
-38.8289
-27.431
-30.0353
-35.6108
-71.8091
-99.252
-82.8091
-37.8885
-53.1614
-39.1892
-23.9975
-22.5962
-24.0712
-12.5316
-14.069
-14.2882
-10.1234
-10.7906
-10.6676
-14.4079
-14.4138
-12.2514
-43.2632
-44.0337
-44.7376
-26.2663
-30.6292
-29.8003
-12.8027
-17.9692
-13.1255
-11.5466
-11.2322
-11.6145
-9.4478
-9.59541
-9.55895
-9.33329
-9.62533
-9.44342
-23.3459
-25.8288
-28.5358
-9.04668
-11.0996
-10.5578
-0.723165
-2.42285
-6.85775
-1.75552
-0.227632
-0.238656
-6.50418
-5.04398
-5.61559
-4.23158
-4.78341
-5.23742
-2.46962
-2.82669
-2.51884
-6.51155
-7.01026
-7.04661
-11.3934
-10.0805
-9.71737
-10.2723
-10.3164
-10.8454
-2.34518
-1.98789
-1.43829
-16.1564
-13.3729
-13.7002
-9.32295
-9.91218
-11.6557
-18.0329
-16.9209
-13.7422
-13.0366
-12.3718
-11.144
-22.645
-25.8966
-25.8456
-24.0709
-24.4479
-22.8184
-27.4094
-27.5162
-25.4376
-23.9448
-23.9973
-24.5609
-21.6624
-22.0582
-21.9861
-23.4852
-23.214
-23.9138
-30.8534
-29.5991
-29.7127
-73.9489
-84.1013
-102.074
-35.628
-33.65
-37.9209
-10.9739
-11.0899
-8.62452
-24.3988
-22.5576
-23.6111
-22.455
-22.3577
-22.9403
-28.3915
-26.9333
-25.885
-25.3429
-26.3721
-28.2817
-21.9822
-22.0136
-21.3304
14.9101
12.6011
7.37289
15.1764
14.813
15.3175
13.6795
14.3552
14.6403
16.8559
16.3403
16.5634
15.6776
16.0941
16.5678
17.3446
16.8676
16.7978
16.6962
16.841
17.3242
16.9665
16.6008
16.3548
16.7396
16.6965
17.0979
7.73678
7.18273
7.48552
6.34601
6.8137
7.35812
5.8653
6.31518
5.85174
10.3855
9.62009
9.80928
8.61555
9.3573
10.1374
7.96912
8.63412
8.24345
14.4114
14.9361
14.7783
15.4886
15.091
14.5547
16.1171
15.6147
15.7707
12.931
12.9507
12.4247
14.0126
13.4801
13.5098
5.61389
5.12854
5.78791
3.47063
4.35951
5.21815
3.62021
3.96217
3.15186
7.6766
7.30571
7.6043
6.59076
6.96771
7.34228
6.28906
6.61456
6.24005
11.5254
10.9765
11.1768
10.4415
10.7335
11.3136
9.63223
10.1678
9.85129
16.0079
16.3336
16.1975
16.616
16.4749
16.1274
17.1297
16.8116
16.976
12.1524
12.7601
12.8653
12.3488
12.5865
11.8879
14.3188
13.3292
13.1432
3.62622
3.33332
4.01114
1.79884
2.59598
2.85369
2.18503
2.37602
1.62256
14.3687
13.4251
14.085
11.3344
12.5312
13.5011
10.6495
11.5823
10.3753
22.3733
21.5297
21.3655
21.292
21.5346
22.5947
19.0871
20.334
19.8174
19.3482
19.0625
19.2371
18.464
18.8067
19.2299
18.1105
18.4252
17.9156
13.8314
13.2863
13.1121
-2.65515
-2.33433
-1.5286
-3.93201
-3.15015
-3.52821
-8.34772
-7.16106
-4.46536
-13.0954
-10.0859
-12.1199
-7.51484
-8.60269
-10.9829
16.5268
13.7596
15.0438
10.0933
12.132
15.4296
7.85918
9.62024
7.518
28.0738
29.8964
27.494
36.8752
32.9734
30.083
34.5913
34.7989
40.3321
5.6925
5.40424
4.30419
-6.01106
-5.38402
-4.64699
-6.59268
-5.97044
-6.68425
-21.9806
-19.5443
-19.9351
-18.3317
-18.969
-20.7961
-16.1277
-17.4343
-17.193
-39.2087
-45.3745
-50.5511
-36.1257
-40.5167
-36.1793
-51.1849
-45.4486
-39.0929
-13.7308
-15.3761
-13.8881
-18.1044
-16.7605
-15.3751
-20.5729
-18.4959
-19.4402
3.48801
3.50558
5.84457
-1.02482
1.19967
1.41328
0.324987
0.900618
-1.42624
0.177734
0.507926
-0.714702
-8.28951
-7.52261
-7.0452
-8.16047
-7.82922
-8.64547
-17.7308
-17.9673
-17.2917
-20.8809
-19.1166
-18.8831
-18.8561
-19.1078
-20.6906
-17.7602
-17.0561
-17.3839
-18.6793
-17.4988
-18.0081
-17.0944
-17.1875
-18.5829
-23.8154
-23.5403
-24.3435
-22.7321
-23.0154
-23.3379
-21.9089
-22.5375
-22.3528
-24.6785
-24.3837
-24.4492
-23.7865
-24.1401
-24.5922
-23.5932
-23.9118
-23.5801
-38.8855
-35.5342
-33.8194
-38.0201
-36.9878
-40.6613
-31.2657
-33.8524
-34.6044
-16.1665
-17.9185
-14.3323
-25.0232
-21.5756
-19.2332
-27.1993
-24.5938
-28.9835
-5.06812
-3.92711
-4.83667
-9.21123
-8.50646
-8.32318
-8.68413
-8.55419
-9.21332
-80.1898
-66.775
-52.2884
-97.0047
-83.8445
-104.785
-46.0931
-62.6353
-70.1292
-19.8897
-19.6042
-20.5791
-17.2353
-18.4941
-18.7177
-18.8745
-18.5591
-17.3391
-6.90714
-5.88878
-5.87576
-32.7259
-32.0153
-37.653
-20.5735
-26.1346
-28.1962
-23.1989
-24.5443
-18.5033
-6.10682
-7.23233
-9.50599
-3.69499
-5.19282
-3.41866
-7.98009
-6.79905
-5.56185
-11.0642
-7.63846
-12.3675
-1.8408
-4.10307
-7.02695
0.91814
-1.31745
0.238561
-8.47135
-7.63696
-5.90059
-9.48232
-9.52852
-9.45539
-10.1659
-9.77871
-9.68188
-9.43537
-9.65446
-9.9504
-8.35256
-8.67365
-8.67847
-9.02141
-8.79038
-8.49625
-9.21592
-9.03468
-9.22761
-22.8313
-23.1622
-24.9314
-21.1161
-21.8937
-21.6722
-21.2131
-21.737
-20.9259
-13.0365
-14.0275
-13.4771
-14.8932
-14.4752
-13.4673
-16.6106
-15.5156
-15.893
-1.94541
-2.17155
-1.91343
-4.81299
-3.19783
-3.10656
-3.4077
-3.3086
-4.7282
-6.23645
-6.02533
-4.6895
-12.9094
-8.74036
-8.39951
-7.96011
-8.50048
-14.0894
-11.6134
-11.1868
-10.6408
-12.9482
-11.9353
-12.4081
-19.071
-17.1313
-12.4758
-27.4188
-22.0073
-25.3215
-13.8518
-17.4565
-20.4577
-16.9008
-16.0669
-12.9483
-11.2884
-11.0773
-10.2163
-25.7204
-22.6119
-16.6833
-25.8665
-25.3479
-28.9657
-18.5599
-21.6131
-22.1616
-17.4232
-21.3656
-17.367
-31.366
-27.8577
-25.7074
-36.9347
-31.1252
-31.7128
-24.5885
-28.1132
-33.6492
-18.7414
-22.3198
-20.8052
-55.5628
-50.1253
-51.0548
-36.4366
-44.044
-47.605
-37.1358
-40.0281
-34.1831
-31.0829
-37.666
-37.3018
-28.6027
-33.7563
-28.5226
-47.4171
-41.7469
-33.5021
-21.3059
-22.7078
-22.5097
-21.829
-22.4088
-21.3061
-25.7044
-23.7584
-22.6282
-17.2778
-18.1323
-17.6472
-18.8768
-18.5272
-17.7052
-20.3191
-19.399
-19.6603
-15.0608
-15.3924
-14.9505
-15.8581
-15.6812
-15.2127
-16.9453
-16.2647
-16.5554
-15.9053
-15.2697
-15.5848
-13.6902
-14.5808
-14.6695
-14.8728
-14.6632
-14.1571
-21.9854
-20.0671
-23.5459
-12.0549
-15.9055
-16.4232
-14.9839
-15.4372
-12.5168
-21.9378
-20.2346
-21.9413
-18.3679
-19.121
-20.3034
-16.5728
-17.8738
-17.3177
-24.1119
-24.8053
-29.7325
-20.1267
-21.712
-20.7271
-21.2511
-21.8106
-20.3186
-20.2428
-20.1595
-23.6163
-18.7406
-18.6389
-19.3517
-19.101
-18.2973
-17.9644
-21.1024
-21.0509
-21.2722
-22.2559
-21.343
-21.6181
-20.0233
-20.6887
-21.4278
-18.9072
-19.7098
-19.2463
-21.1727
-20.3339
-19.4519
-21.486
-21.0328
-21.9724
-15.0613
-16.0655
-15.9698
-16.3572
-16.1839
-14.9836
-18.4432
-17.343
-17.7091
-10.6627
-11.8741
-12.752
-10.5079
-11.1192
-9.68671
-13.7449
-12.4616
-12.0239
-5.05676
-6.45135
-8.92575
-3.74482
-4.82484
-3.44402
-8.11974
-6.44711
-5.50068
-18.4712
-17.6217
-17.8902
-17.4783
-17.5062
-18.4559
-15.4812
-16.5027
-16.3638
-19.9027
-19.8726
-19.6156
-22.011
-20.7247
-21.4742
-19.3097
-20.0628
-20.8065
-23.2081
-22.1834
-20.0128
-28.2539
-25.0318
-26.1782
-22.5082
-23.762
-26.7041
-26.0767
-25.974
-23.84
-31.3772
-28.5226
-28.3955
-27.2339
-28.1067
-31.2254
-22.1177
-23.5788
-22.251
-26.7697
-25.1187
-23.3518
-27.7389
-26.6156
-28.5873
-15.1281
-16.9418
-16.6068
-17.8312
-17.3574
-15.3398
-21.4154
-19.396
-20.1155
-8.11437
-9.80541
-10.0628
-9.71646
-9.70494
-7.97582
-13.3701
-11.4903
-11.5533
-1.53776
-3.10344
-3.26703
-3.53145
-3.23833
-1.97545
-6.31726
-4.7291
-4.87282
-18.942
-17.4133
-17.4712
-16.8671
-17.2347
-18.9805
-14.3719
-15.7129
-15.2385
-27.6821
-25.0523
-23.5215
-27.4211
-26.4193
-29.6241
-21.0355
-23.5053
-24.0231
-36.7299
-35.1453
-31.6641
-41.5099
-38.5168
-40.2497
-32.8889
-35.9564
-38.5253
-35.5834
-36.8445
-34.2603
-40.4037
-38.9136
-37.0668
-40.8912
-40.3272
-42.6298
-27.0368
-29.6337
-28.3484
-30.6177
-30.4112
-27.7536
-35.0109
-32.8139
-33.0125
-16.229
-18.7675
-18.3208
-19.3175
-19.1178
-16.4636
-24.8902
-21.9638
-22.2248
-8.29885
-9.98054
-9.81612
-10.292
-10.1539
-8.53465
-14.0748
-11.9869
-12.0729
-3.7243
-4.58966
-4.00919
-5.96184
-5.26614
-4.69398
-7.17684
-6.10498
-6.66142
-17.467
-15.367
-16.2553
-12.7248
-14.1851
-16.2322
-11.2655
-12.5751
-11.2649
-31.9264
-27.5036
-27.8463
-24.0831
-26.2601
-30.7128
-18.8838
-22.2453
-20.2753
-46.3595
-44.3409
-43.6662
-39.7303
-43.0381
-44.9028
-35.2972
-39.6001
-36.6251
-36.9951
-40.7088
-41.1189
-35.7419
-38.8927
-35.1578
-44.6848
-42.4322
-38.9336
-27.1283
-29.3228
-30.2277
-26.398
-28
-26.1018
-32.0588
-29.818
-27.8717
-16.4901
-19.1468
-19.3315
-18.2383
-18.7724
-16.229
-23.9024
-21.4022
-20.6701
-9.23716
-10.4796
-10.4003
-10.5109
-10.5145
-9.40121
-13.9427
-12.0211
-11.8811
-7.06494
-7.33314
-6.65681
-8.5195
-7.95476
-7.91741
-8.64649
-8.18853
-8.59535
-10.5384
-9.21669
-11.0378
-5.56244
-7.35613
-8.34936
-6.00019
-6.58579
-5.02099
-20.6214
-17.4559
-21.0683
-9.95513
-13.6138
-16.1013
-9.67354
-11.4319
-8.39313
-30.0465
-28.9209
-34.8142
-17.152
-22.7896
-23.8477
-18.6612
-20.9886
-15.6011
-25.6809
-27.279
-31.68
-19.3628
-23.0647
-22.37
-24.116
-23.7525
-19.2639
-21.9321
-22.869
-24.6515
-19.484
-21.1294
-20.4658
-21.8469
-21.4941
-19.5498
-14.8844
-16.8866
-17.5906
-15.5738
-16.191
-14.4102
-19.3833
-17.9133
-17.0337
-9.61815
-10.334
-10.3826
-10.3806
-10.3108
-9.69954
-12.748
-11.3458
-11.3034
-9.62198
-9.3709
-8.96579
-10.0532
-9.69079
-9.93901
-9.46913
-9.50206
-9.81521
-2.66303
-2.40777
-3.90268
0.114938
-1.07443
-1.21399
-0.958476
-1.00128
0.142226
-5.2391
-4.2905
-6.80341
-0.795788
-2.3437
-3.07807
-1.44671
-1.81124
-0.370617
-10.3229
-9.0146
-12.5237
-4.41049
-6.40673
-7.72768
-4.02485
-5.1531
-3.23564
-14.6537
-13.7099
-16.2658
-9.92177
-11.6058
-12.85
-9.05723
-10.3482
-8.44166
-16.7056
-16.639
-17.9723
-14.6929
-15.5336
-15.8517
-13.9893
-14.8987
-13.8279
-13.8018
-14.8497
-15.1038
-15.1776
-14.863
-14.0835
-15.8245
-15.4734
-15.4788
-10.6808
-11.0737
-10.6114
-12.9188
-11.8287
-11.466
-13.2447
-12.4577
-13.4618
-11.1437
-10.9459
-10.4181
-12.4168
-11.5609
-11.5083
-11.3895
-11.4729
-12.4237
2.17713
2.14463
1.18307
3.79284
3.01191
3.08115
2.68644
2.86924
3.64219
1.16001
1.63786
0.501212
3.57763
2.65833
2.22904
3.06064
2.92761
3.80832
-2.61737
-1.37696
-2.78061
0.5845
-0.216304
-1.59807
1.62392
0.829397
1.78498
-9.38823
-7.66186
-8.6311
-6.46196
-6.95473
-8.78113
-3.28389
-5.10917
-4.56522
-14.9056
-13.8182
-14.1261
-13.8153
-13.7327
-15.0729
-10.548
-12.2122
-12.0931
-16.8422
-16.7125
-15.8013
-19.1218
-17.8526
-18.2925
-16.2154
-17.1493
-18.106
-15.6222
-16.0588
-14.347
-19.7787
-17.9287
-17.4095
-18.4446
-18.3107
-20.1571
-14.1286
-14.5332
-13.3679
-16.9109
-15.6865
-14.8781
-16.8726
-16.3212
-17.7123
5.27719
5.12702
4.49581
6.18852
5.69059
5.85994
5.14439
5.44319
5.94476
4.66871
5.10833
4.39746
5.87928
5.63477
5.00733
5.94251
5.90419
6.33994
-0.31133
1.26968
1.02662
1.58646
1.44361
-0.104721
4.03128
2.82261
2.92374
-7.93653
-5.88105
-6.12285
-5.46597
-5.68115
-7.78309
-1.8177
-3.68382
-3.46836
-16.3694
-14.2859
-14.0133
-14.9004
-14.5961
-16.8847
-9.98125
-12.267
-12.3917
-22.5459
-21.5139
-20.385
-23.1505
-22.4357
-23.5233
-19.026
-20.9098
-21.5786
-22.0468
-22.7842
-21.4337
-24.56
-23.8117
-23.0554
-24.1178
-24.2018
-24.9473
-17.8903
-18.9591
-17.973
-20.353
-19.7149
-18.3442
-22.0711
-20.9485
-21.6176
7.09045
6.96723
6.61601
7.2087
7.19173
7.14522
6.5981
6.96884
7.1444
5.07468
5.83145
5.88972
5.69818
5.77189
5.05611
6.82151
6.35151
6.24075
0.440254
1.85025
1.71734
2.18135
2.00273
0.678645
4.19267
3.17411
3.26417
-7.25244
-4.94037
-5.21451
-4.37305
-4.65963
-7.03047
-0.829937
-2.59062
-2.28633
-17.9187
-15.2583
-15.142
-15.0177
-15.2165
-17.9793
-9.63612
-12.3936
-12.1118
-25.2528
-24.1522
-23.707
-24.6508
-24.4957
-25.577
-20.4879
-22.8823
-22.9304
-24.6721
-25.4549
-25.0879
-25.6871
-25.6604
-24.8407
-26.1033
-26.1109
-26.1925
-19.6085
-20.991
-20.725
-20.8454
-20.9792
-19.3556
-23.7435
-22.4428
-22.3192
6.59286
6.7893
7.02977
6.28979
6.54426
6.37375
6.74949
6.66275
6.39584
4.91554
5.49165
5.60461
5.20387
5.35913
4.83664
6.12641
5.78992
5.59562
1.37922
2.51873
2.36355
2.61985
2.61263
1.48451
4.21754
3.49044
3.47775
-5.91051
-3.7214
-4.06471
-3.03214
-3.36484
-5.43482
0.0790157
-1.54383
-1.34383
-17.0659
-14.0783
-14.6467
-12.3445
-13.3034
-16.2142
-7.80158
-10.4508
-9.66684
-25.2529
-24.1207
-24.5675
-21.8234
-23.2138
-24.3657
-18.9836
-21.3838
-20.0322
-24.0119
-24.9809
-25.4848
-22.7903
-24.0999
-23.1143
-24.8393
-24.7129
-23.3781
-18.2225
-19.7602
-20.3851
-17.5532
-18.7531
-17.0191
-21.8514
-20.3775
-19.114
5.58415
5.7136
6.01029
5.0577
5.39555
5.27584
5.46308
5.45476
5.12174
4.37764
4.7946
5.01776
4.2321
4.53257
4.13257
5.09546
4.85099
4.53991
1.3351
2.3791
2.53719
1.90164
2.16276
1.1749
3.63565
2.99436
2.70643
-4.12728
-2.51916
-2.74727
-2.24237
-2.35048
-3.78287
0.0971612
-1.06624
-1.08865
-12.309
-10.1053
-11.2548
-7.92609
-8.97302
-10.8567
-5.37836
-7.12447
-6.37199
-18.9412
-17.8982
-20.0089
-13.4523
-15.6565
-16.578
-12.6813
-14.3238
-12.3524
-18.1235
-18.9579
-21.0531
-14.2454
-16.6352
-15.8936
-17.0378
-17.0408
-14.6005
-12.9701
-14.3058
-15.9984
-10.5573
-12.4339
-11.139
-14.8919
-13.7053
-11.6705
4.20851
4.31667
4.69845
3.48461
3.91234
3.80534
3.98382
3.97867
3.55608
3.13237
3.52468
3.89501
2.70109
3.12531
2.72954
3.64933
3.42767
3.00404
0.46312
1.27904
1.60537
0.548873
0.925199
0.160279
2.23134
1.62663
1.21938
-3.17116
-2.20631
-2.1946
-2.40401
-2.27635
-3.12082
-0.63459
-1.44704
-1.65733
-7.27928
-6.26289
-7.01377
-5.26251
-5.68101
-6.47812
-3.97837
-4.83843
-4.58906
-10.0969
-9.68049
-11.4291
-7.09878
-8.2394
-8.49777
-7.19538
-7.795
-6.8213
-9.34637
-9.86353
-11.9457
-6.616
-8.08029
-7.59789
-8.55385
-8.40899
-6.9667
-6.29081
-7.04814
-8.74916
-4.31174
-5.59536
-4.96235
-6.99311
-6.29648
-4.96509
2.44865
2.55683
3.03329
1.52601
2.05587
1.94249
2.22592
2.15049
1.62562
1.39275
1.78196
2.25389
0.743672
1.28032
0.89644
1.78977
1.57494
1.03562
-0.896587
-0.251835
0.156909
-1.17122
-0.690175
-1.29993
0.428493
-0.107289
-0.612096
-3.4073
-2.82199
-2.58768
-3.42771
-3.09997
-3.63035
-1.91751
-2.52366
-2.89652
-5.1938
-4.85476
-4.99311
-4.90547
-4.82964
-5.06615
-4.10182
-4.50456
-4.66028
-5.49368
-5.5942
-6.23024
-4.87207
-5.15271
-4.96333
-5.20321
-5.23318
-5.03891
-4.05974
-4.53625
-5.44772
-3.31931
-3.83978
-3.34228
-4.67171
-4.29067
-3.81091
-1.93667
-2.42029
-3.30592
-1.16476
-1.76
-1.33645
-2.81643
-2.27265
-1.70806
0.237029
0.393587
0.973323
-0.67207
-0.190673
-0.409423
0.244333
-0.0406955
-0.815888
-0.827302
-0.449589
0.167748
-1.73125
-1.10107
-1.5087
-0.56354
-0.835679
-1.65746
-2.8386
-2.29671
-1.70429
-3.62165
-2.94746
-3.50347
-1.92641
-2.45025
-3.25654
-4.70211
-4.31326
-3.82637
-5.52673
-4.88856
-5.25575
-3.99009
-4.492
-5.27732
-5.35316
-5.34568
-5.07679
-6.19648
-5.72283
-5.67031
-5.49806
-5.67649
-6.28063
-4.27882
-4.69459
-4.72192
-5.02797
-4.80193
-4.30567
-5.49548
-5.19873
-5.50295
-2.07805
-2.67804
-2.94208
-2.5079
-2.51191
-1.85045
-3.75628
-3.1298
-3.12699
0.201947
-0.345491
-0.743263
0.152747
-0.0817772
0.392483
-1.23716
-0.613839
-0.363355
21.6341
21.8085
22.2593
20.9682
21.379
21.2126
21.3181
21.4084
21.0165
19.6972
19.9711
19.3906
20.9067
20.4835
20.1496
21.1149
20.8141
21.2934
19.9969
19.7561
19.5495
19.8513
19.8438
20.0609
19.5337
19.6668
19.6851
20.6774
20.8777
21.1311
20.3153
20.5947
20.465
20.5819
20.6456
20.2965
17.9317
17.7101
17.433
18.186
17.9635
18.196
17.5396
17.7447
17.9627
0.500716
0.931482
-2.23044
5.2515
3.34372
2.72521
4.91455
4.07349
6.05509
15.6399
16.6744
17.8552
14.5045
15.5581
14.4436
16.8293
16.3268
15.3333
22.2614
23.1839
22.9807
22.7099
23.0832
22.1862
25.6408
24.2065
23.6818
14.8378
14.9741
14.389
16.228
15.5885
15.4926
15.662
15.6419
16.236
-18.2818
-13.2376
-12.6809
-13.2152
-15.078
-12.931
-22.6219
-18.1372
-15.912
-19.9922
-19.4827
-23.8258
-36.1357
-29.769
-30.3285
-25.3402
-28.2192
-34.1569
-18.7544
-23.1426
-20.9293
-14.376
-14.0006
-14.9965
-12.3114
-13.1112
-13.5724
-11.9463
-12.5768
-11.736
-14.1455
-14.7783
-15.2268
-13.9842
-14.3749
-13.7146
-15.6469
-15.0235
-14.7044
-23.3561
-24.7073
-22.0755
-34.4735
-28.651
-27.1813
-30.6833
-29.9134
-35.7886
-26.916
-22.586
-21.2989
-25.6391
-24.0707
-28.9973
-18.5731
-20.7199
-21.9948
-22.8406
-25.3169
-22.9957
-32.7532
-28.5171
-26.2319
-32.0486
-30.3294
-33.86
-3.62902
-5.8855
-5.97253
-5.04213
-5.51424
-3.21793
-11.018
-8.0783
-7.49037
-18.7828
-17.7873
-18.3993
-16.2927
-17.0705
-17.9031
-15.7451
-16.3541
-15.6635
-19.2985
-20.9793
-22.0822
-18.8467
-19.8845
-18.5204
-22.8692
-21.3419
-19.9698
-20.6112
-20.3218
-21.1542
-18.6847
-19.475
-19.9734
-20.4626
-19.6325
-18.6584
-32.9402
-26.7327
-27.2068
-30.418
-27.9362
-33.7934
-13.775
-21.0065
-23.399
-43.7053
-43.13
-44.053
-38.2264
-41.2695
-42.2527
-42.4219
-41.4
-37.8353
-32.6707
-35.2488
-40.6569
-26.4445
-30.1775
-27.9637
-32.076
-31.5446
-27.7333
-19.5522
-20.1394
-19.3865
-22.3159
-21.13
-20.9674
-21.6575
-21.3693
-22.2414
-10.1571
-9.66484
-9.76026
-9.28736
-9.50055
-10.087
-8.80724
-9.07145
-8.78572
-14.002
-20.8749
-21.9753
-18.0469
-19.6157
-12.8708
-49.9726
-31.1198
-28.9405
-8.7252
-9.26556
-8.78399
-9.07612
-9.38904
-9.05782
-11.0347
-10.0474
-9.59398
-10.4542
-9.72889
-10.2431
-9.02265
-9.2721
-9.81286
-7.54172
-8.53172
-8.4644
-2.80211
-2.42362
-1.51627
-6.27088
-3.98043
-4.65388
-3.16735
-3.43665
-5.36703
-6.50799
-7.31913
-7.97542
-6.44365
-6.74077
-5.97115
-10.1997
-8.12666
-7.87381
-18.8966
-18.9636
-17.7688
-21.0588
-20.1094
-19.7958
-21.6483
-20.7143
-22.0037
-11.1471
-10.571
-9.64924
-12.4786
-11.5124
-12.0147
-10.6907
-11.0834
-12.0646
-8.28775
-8.35808
-9.56103
-6.00669
-7.16396
-7.19837
-7.41355
-7.22571
-5.94246
12.3978
12.95
12.8878
11.3165
11.4113
11.9503
17.3838
17.1564
17.3443
17.9422
17.7519
17.5467
8.27295
8.63426
9.11699
7.74768
8.17472
7.80622
8.78915
8.50077
8.0808
5.94151
6.36587
5.75635
7.3862
6.90764
6.47509
7.88811
7.37811
7.85736
5.82735
5.37267
5.06613
6.07531
5.70901
6.17255
4.63123
5.19634
5.55161
15.0905
15.0458
14.6874
15.7673
15.409
15.4763
15.2548
15.3349
15.6697
16.1052
15.6309
15.6565
15.5372
15.5897
16.0307
14.7217
15.1514
15.1265
17.1457
17.3228
17.7204
16.4727
16.9041
16.7588
17.194
17.0501
16.582
1.22915
1.85741
2.01491
-0.130342
-0.160989
0.554178
16.8317
17.7816
17.8874
18.0322
17.8222
16.7275
19.1838
18.6247
18.882
10.6945
11.585
9.46948
15.3422
13.6676
13.2063
14.8306
14.1905
15.6181
20.774
20.4459
20.725
19.6651
20.083
20.2587
19.7851
19.9307
19.6462
19.6919
21.1171
21.5978
20.4756
20.7525
19.6784
22.4763
21.7113
21.1836
17.2738
16.4854
15.5962
18.5682
17.4866
18.028
16.0438
16.835
18.2337
12.8033
12.531
13.0924
3.46061
5.64604
6.62941
3.55688
4.6917
2.31835
8.08589
6.64186
5.80432
-6.47315
-4.95557
-7.22028
-0.135251
-2.58489
-4.19575
-0.113851
-1.26278
1.12167
-9.32791
-11.5189
-14.8984
-6.17693
-8.60696
-6.23453
-12.2979
-10.5817
-8.32026
31.104
28.3633
32.236
19.4143
23.8626
24.6916
22.2191
22.987
19.6595
5.13049
2.44342
1.0409
8.17186
4.54388
7.58509
-3.42183
0.900855
3.67396
21.4878
21.8418
19.8191
27.0303
24.2446
24.2911
23.2165
23.8152
25.9346
-17.358
-17.522
-16.7686
-20.5554
-18.7862
-18.2447
-20.2524
-19.4319
-21.7871
-16.9493
-16.7773
-16.2337
-17.7585
-17.2804
-17.7412
-16.9972
-17.0133
-17.2075
-19.4596
-17.5342
-17.2198
-18.4672
-17.9784
-19.9916
-16.5491
-16.9069
-17.3474
-22.9027
-25.9574
-24.4347
-28.1418
-27.2685
-23.4856
-40.65
-32.5954
-34.6663
-108.159
-109.313
-77.0475
-146.997
-135.777
-135.219
-96.4867
-120.898
-129.292
-71.4208
-65.2895
-45.3613
-118.445
-91.7633
-100.318
-52.35
-73.6373
-94.5674
-19.2386
-20.9661
-22.1112
-19.2227
-19.9888
-18.4635
-22.7277
-21.4226
-20.5017
-13.3117
-13.744
-12.2967
-16.8851
-15.295
-14.852
-16.1395
-15.7342
-17.4753
-14.4904
-13.9152
-12.7963
-15.0007
-13.6867
-15.9439
-10.9018
-9.66484
-8.29276
-19.2796
-16.7388
-16.4899
-16.4782
-16.7414
-19.6073
-11.8411
-14.2178
-14.063
-40.9497
-42.8
-41.3568
-43.71
-43.3547
-41.9338
-44.2989
-44.0556
-44.3959
-30.0828
-30.8228
-25.7859
-39.3474
-35.544
-35.2824
-33.1734
-34.7455
-38.2739
-26.5391
-22.3488
-15.4854
-33.5665
-28.8757
-33.2943
-17.8554
-23.5701
-27.901
-10.4454
-10.7977
-11.0143
-9.80649
-9.79684
-10.0961
-19.2567
-22.5524
-20.6943
-28.7586
-24.3412
-20.3794
-32.9205
-28.6698
-36.2483
-14.2318
-11.999
-10.1208
-17.0308
-14.2838
-16.3806
-12.8616
-13.5143
-16.2284
-45.3075
-45.3748
-45.7392
2.76061
1.15325
1.97527
-1.84908
-0.292616
1.79329
-9.25295
-4.42502
-5.48541
-1.05732
-0.475235
-1.98262
1.99994
1.00807
0.218209
1.21998
1.30433
2.57998
-4.85768
-4.73654
-6.27857
-1.19221
-2.97339
-2.9728
-4.34624
-3.49718
-2.08046
-4.51302
-3.29544
-3.19034
-7.65501
-7.22803
-6.70987
-8.13799
-7.70932
-8.09675
-7.48337
-7.48968
-7.95349
-10.3461
-10.2793
-11.4181
-8.63809
-9.3555
-9.55612
-8.57345
-9.03933
-8.25036
-9.50822
-9.87161
-9.90857
-9.70014
-9.79443
-9.35723
-10.9893
-10.3353
-10.3574
-5.25165
-3.25127
-3.54233
-3.05305
-3.08122
-5.10725
-1.29054
-1.7925
-1.80333
-12.0999
-12.8041
-15.3474
-7.57779
-10.1981
-9.72163
-10.7438
-10.5601
-7.78685
-6.40712
-8.1564
-7.73189
-9.19034
-8.65512
-6.7002
-12.5206
-10.6006
-11.3431
-13.4551
-17.388
-16.4714
-10.7401
-11.8588
-11.463
24.966
24.9611
25.616
23.1886
24.2074
24.0294
-20.1012
-21.541
-23.2298
-6.90954
-4.38815
-15.6987
-32.9573
-32.0752
-34.6727
-51.5556
-49.3065
-47.7549
-51.9452
-50.5465
-53.091
-57.1993
-53.8225
-52.9197
-54.3783
-54.1657
-57.7241
-41.0781
-40.572
-40.8614
-25.778
-25.5861
-25.6217
-25.4865
-25.7381
-22.9931
-32.2808
-28.8217
-27.8571
-30.2209
-29.6417
-34.0274
-26.0854
-25.3772
-24.6769
-26.9534
-26.1211
-27.309
-23.2117
-24.8158
-25.1577
-34.1929
-30.3807
-30.8109
-28.4745
-29.5605
-32.5079
-25.5387
-27.252
-26.7372
-23.0658
-23.5145
-23.599
-23.5006
-23.4546
-23.0925
-24.5861
-23.9731
-23.9516
-22.4746
-22.2333
-21.9522
-22.7759
-22.504
-22.6233
-22.3893
-22.3987
-22.7189
-22.4238
-22.7138
-22.655
-22.7071
-22.7375
-22.6505
-23.3453
-22.9766
-22.7321
-47.3518
-39.0287
-39.5181
67.0369
59.2102
54.6721
57.9769
60.6706
69.398
49.0547
42.184
43.7215
-79.7153
-91.0179
-81.4596
-37.4788
-25.214
-25.8361
-37.2415
-23.5731
-43.3946
-15.9169
-13.5301
-13.8006
-14.3558
-13.7322
-15.8441
-9.41923
-11.5888
-12.4678
-21.6555
-21.959
-23.6755
-17.9347
-19.9924
-19.9535
-21.4239
-20.4631
-18.2338
-20.3315
-21.1151
-21.9761
-20.0986
-20.5126
-19.3462
-22.9807
-21.7508
-21.5771
-27.7314
-27.5281
-29.1885
-25.2363
-26.2228
-26.29
-25.0027
-25.8489
-25.1269
-23.5864
-24.8252
-23.8718
-26.056
-25.5613
-24.3066
-29.0821
-27.128
-27.5877
-23.1137
-22.5919
-22.4722
-23.3577
-22.7949
-23.3098
-21.4316
-22.1722
-22.674
7.05548
6.71645
6.27975
13.9624
13.9995
14.3142
-2.89835
-3.23859
-2.80336
-11.4503
-12.1856
-11.6844
-13.3586
-14.9206
-14.0154
-19.5552
-22.4071
-23.4653
3.37256
4.16247
3.47182
3.11447
3.59551
1.97014
6.61365
6.82759
7.15421
9.44545
9.61727
10.0587
7.44003
7.7983
7.53435
14.8859
14.8398
14.5201
16.4847
16.2006
16.3434
12.4913
12.9714
12.9559
14.245
13.9001
13.9698
6.31201
6.04162
6.32399
3.61232
4.06261
4.31353
14.2554
13.8048
13.7575
-9.29365
-9.36685
-9.41275
-10.4071
-10.1883
-10.229
-13.7281
-13.3938
-16.473
-11.3416
-10.983
-10.7456
-10.7374
-11.1779
-11.4803
-15.3999
-14.9202
-13.017
-22.1622
-21.7765
-18.8761
-24.4801
-23.7804
-18.8564
14.3252
13.9616
13.978
-3.93837
-4.60099
-5.47425
-13.2612
-12.7621
-11.7817
-17.3541
-16.2862
-14.4019
8.83114
9.24237
9.03927
7.86216
8.09975
8.49138
15.4107
15.1094
15.1748
16.0818
15.9699
15.6672
5.34624
5.68709
5.98025
4.78495
4.54795
4.93897
13.9142
13.9053
14.3003
-9.52251
-9.45655
-9.35942
-9.92524
-9.89109
-9.72555
-8.11875
-10.1728
-10.6806
-12.7939
-14.4231
-13.8878
-17.8013
-20.0318
-18.9979
7.54131
7.31551
6.70637
11.1214
11.2371
11.8024
5.73892
5.23958
4.7683
9.93205
9.86615
10.4745
-8.27071
-8.32202
-7.65538
-5.55362
-5.05528
-5.90131
-72.6677
-72.7861
-72.8324
-72.8707
-38.584
-38.6322
-38.6385
-38.6228
-38.6651
-42.4994
-42.4147
-42.3285
-42.2444
-42.2103
-66.9262
-67.476
-70.6446
93.371
91.3358
91.1131
91.0595
90.8944
-53.231
-53.5819
-53.8586
-54.1012
-54.3328
-55.5338
-55.9303
-56.2417
-56.5033
-56.7467
-41.3945
-41.6124
-41.7538
-41.833
-41.9041
-77.1803
-30.8726
-30.1238
-29.6197
-29.1559
-28.8104
-61.3268
-61.6154
-61.877
-62.1049
-62.3101
-72.0943
-71.9823
-71.9113
-71.8561
-71.7988
-67.6798
-67.4625
-67.3054
-67.1802
-67.0683
-70.3984
-70.2681
-70.1699
-70.0889
-70.0138
-43.3271
-43.5525
-43.7534
-43.8976
-44
-35.637
-34.327
-33.508
-32.868
-32.385
-60.4877
-60.8901
-61.2023
-61.4513
-61.6754
-26.5035
-26.6447
-26.7098
-26.7423
-26.7882
-39.7884
-39.8627
-39.9042
-39.8796
-39.9426
-74.2137
-74.4248
-74.5199
-43.0009
-43.1264
-43.2344
-43.3285
-43.4698
-64.2698
-64.6485
-64.8537
-68.8321
-68.7171
-68.6234
-68.5436
-68.4736
-87.8681
-86.8244
-86.1224
-85.6387
-85.3256
-50.0868
-50.3796
-50.6222
-50.8466
-51.0558
-57.5678
-57.9721
-58.2912
-58.5562
-58.8049
-85.0947
-84.638
-84.0026
-83.5409
-83.2224
-92.8871
-92.0591
-91.4589
-91.0278
-90.7133
-40.4503
-40.5957
-40.6756
-40.7026
-40.7657
-75.3672
-75.5326
-103.839
-40.924
-41.1478
-41.3668
-41.5702
-41.8071
-62.6208
-62.9875
-63.2021
-63.414
-19.228
-19.3746
-19.4757
-19.5542
-19.6226
-67.768
-67.579
-67.4439
-67.3243
-67.2171
-68.8278
-68.708
-68.6074
-68.5101
-68.418
-46.3572
-46.6418
-46.8828
-47.0933
-47.2536
-59.2472
-59.6527
-59.9674
-60.2263
-60.4678
-69.8785
-69.7926
-69.7267
-69.6751
-69.6335
11.2148
1.7569
-1.48344
-5.53363
-45.2662
-45.3863
-45.4636
-45.5135
-45.5406
-36.3725
-36.4244
-36.4501
-36.4652
-36.5112
-70.8723
-71.8975
-82.5012
-71.0483
-70.9944
-70.9594
-70.9407
-70.9313
-66.0052
-66.7185
-67.2966
-67.7459
-68.0346
-68.2807
-68.9373
-69.436
-69.8141
-70.0607
-54.217
-54.4667
-54.6549
-54.7998
-54.8984
-29.1326
-29.1849
-29.1696
-29.1521
-29.1748
-70.2286
-70.886
-71.3367
-71.6603
-71.8285
-18.4844
-18.6379
-18.7469
-18.827
-18.8959
-34.5155
-41.3326
-47.9233
-56.3624
-67.185
-17.3293
-17.551
-17.6778
-17.7599
-17.8317
-16.621
-16.4711
-16.5893
-16.7201
-16.818
-56.1563
-56.417
-56.6046
-56.7447
-56.8406
-69.8448
-70.42
-70.8605
-71.1895
-71.3721
-62.7754
-62.4344
-61.8781
-61.2763
-60.8595
-48.8345
-49.0067
-49.1247
-49.2147
-49.2759
-53.0796
-64.6242
-74.224
-33.5814
-33.5838
-33.5527
-33.5158
-33.5144
-70.8366
-71.7412
-72.1637
18.1423
13.4916
9.36226
5.97058
3.7406
67.6689
67.1506
66.1668
65.1883
64.3696
-20.3144
-20.4789
-20.5905
-20.6672
-20.7326
-61.9008
-62.1774
-62.4038
-62.5716
-62.6785
-58.5457
-58.7605
-58.9232
-59.0491
-59.1315
-68.9979
-69.5794
-70.0216
-70.356
-70.5688
-22.706
-22.8775
-22.9884
-23.064
-23.1297
-21.2943
-21.4375
-21.5411
-21.621
-21.6897
-51.7724
-51.9886
-52.1454
-52.2665
-52.3511
-67.5491
-83.0607
-31.0199
-30.9701
-30.8918
-30.8123
-30.7885
-69.6042
-70.2018
-70.543
-70.7671
-80.3754
-79.0452
-78.291
-77.9088
-77.7467
-74.6919
-74.2714
-74.0605
-73.9647
-73.9106
-28.2806
-30.9725
-32.4884
-32.9943
-33.2517
-19.8086
-19.7384
-19.822
-19.9817
-20.1989
-69.4492
-70.0327
-70.4764
-70.8073
-71.0024
-24.3441
-24.4375
-24.4973
-24.554
-24.6163
109.402
111.289
112.476
113.319
113.943
96.6719
97.5835
97.8775
98.0431
98.1961
-68.2487
-67.999
-67.813
-67.6851
-67.5751
-76.7371
-76.8039
-76.8139
-76.8009
-76.7568
15.026
14.7705
14.5925
14.4412
14.277
-147.907
-162.269
-174.565
-184.415
-190.103
17.2491
17.083
16.9634
16.835
16.6833
-1.9795
-2.36079
-2.67618
-2.92074
-3.17622
-25.5796
-25.0177
-24.5491
-24.1922
-23.8327
-98.8803
-98.8029
-98.5326
-72.3007
-72.2307
-72.1765
-72.1283
-72.0689
-73.5967
-73.5539
-73.5206
-73.4797
-73.4209
-102.089
-103.312
-103.759
-103.994
-104.19
-101.884
-101.584
-9.11387
-8.73792
-8.44034
-8.20559
-7.99995
-69.3992
-69.2641
-69.1308
-69.0241
-68.9309
-75.8443
-75.8283
-75.8058
-75.7663
-75.7066
12.4201
12.1988
12.0366
11.8833
11.7016
-16.4742
-16.115
-15.7973
-15.5502
-15.3142
-140.765
-150.724
-156.166
-157.389
-157.172
-80.7525
-80.7293
-80.6929
-80.664
-80.625
-84.4996
-84.4083
-84.441
-84.4625
-84.4363
19.8287
19.6217
19.499
19.3902
19.2632
0.294808
-0.0953351
-0.40738
-0.591968
-0.883258
-29.9857
-29.3814
-28.8491
-28.4619
-28.0589
5.10407
4.75335
4.48719
4.27895
4.04125
-94.5934
-94.9282
-95.1977
-95.3902
-95.4652
-95.8657
-96.3785
-96.5088
-96.506
-7.79718
-7.35693
-7.05595
-6.77883
-6.9239
-6.18915
-5.79433
-2.56964
-1.51321
-70.8806
-70.7672
-70.6724
-70.5982
-70.5252
-74.7553
-74.718
-74.6861
-74.6423
-74.5808
7.41214
7.11625
6.88728
6.68622
6.45542
-119.739
-123.95
-125.493
-125.771
-125.909
-104.542
-4.91314
-5.33548
-5.67411
-5.92542
-6.16034
-110.29
-109.282
-108.976
-109.266
-109.62
-112.446
-113.962
-115.896
-118.194
-120.131
-94.9629
-93.4049
-92.7585
-92.5383
-92.4753
-87.3445
-87.0623
-86.993
-87.0096
-87.0164
-116.791
-129.956
-142.129
-152.936
-164.237
-79.8422
-86.5064
-93.0914
-99.2482
-104.329
-13.2238
-13.6441
-13.9651
-14.2072
-14.4074
-13.1031
-12.7686
-12.4721
-12.2334
-12.018
-14.9231
-14.543
-14.2378
-13.9979
-13.765
-68.4838
-68.3082
-68.1757
-68.0708
-67.9778
-45.4169
-44.5877
-43.8004
-43.2652
-42.6984
-75.945
-76.2273
-76.3767
2.76261
-25.95
-26.671
-27.1887
-27.5588
-27.8598
-20.8907
-21.3998
-21.7805
-22.0702
-22.3179
-3.96015
-4.3729
-4.72232
-4.99125
-5.25103
-73.2326
-73.1623
-73.132
-73.1344
-73.1429
-77.3184
-77.7468
-59.9855
-59.0566
-58.1034
-57.3239
-56.547
23.9528
23.9453
23.7827
-52.8
-56.2852
-59.1889
-61.6061
-63.3922
-15.4803
-15.9293
-16.2496
-16.4989
-16.7226
10.131
9.82793
9.60977
9.43304
9.23549
-69.6798
-69.5595
-69.471
-69.3881
-69.3114
-11.4634
-11.8048
-12.0829
-12.3028
-12.5024
-9.98129
-10.288
-10.5375
-10.7389
-10.9265
-11.9935
-11.6172
-11.3142
-11.0722
-10.8539
-10.3712
-10.0327
-9.73925
-9.50355
-9.30291
-36.9679
-36.2943
-35.691
-35.2704
-34.7558
2.61687
2.29903
2.04089
1.84531
1.58256
-74.7369
-74.8229
-74.8767
-74.9374
25.6943
25.6809
26.2962
-35.3474
-36.8068
-37.9323
-38.7767
-39.3786
-17.7065
-18.1434
-18.4819
-18.7462
-18.9745
-21.4678
-20.9642
-20.51
-20.1607
-19.8395
-18.9936
-18.5139
-18.115
-17.8041
-17.5079
-71.1569
-71.0765
-71.0254
-70.9871
-70.9533
-78.3644
-77.4153
-76.5985
-75.9014
-75.4179
-74.5492
-4.81633
-4.92149
-5.01534
-5.10299
-5.23165
-4.95587
-5.00039
-5.04487
-5.10166
-5.22596
-6.63585
-6.82655
-6.9894
-7.12701
-7.27651
-8.4191
-8.68664
-8.90359
-9.07961
-9.24979
21.859
21.8394
21.7351
21.6012
-43.7458
-43.2123
-47.6931
-47.8471
-47.9557
-48.0229
-48.1313
-41.1538
-41.2597
-41.3108
-50.1004
-50.2083
-50.2797
-50.351
-50.4365
-25.0682
-24.97
-24.8876
-24.8018
-24.7177
-46.6304
-46.7871
-46.8992
-46.954
-47.0726
-36.0399
-36.094
-36.1254
-36.1341
-36.085
-37.1845
-37.1918
-37.1933
-37.1845
-37.137
-49.7142
-49.8482
-49.9452
-50.0308
-50.1204
-19.356
-20.7834
-28.5074
-30.2641
-32.0147
-33.5514
-34.5271
-38.0168
-37.8817
-37.7416
-37.6525
-37.6438
-26.8027
-26.6396
-26.5162
-26.4049
-26.3032
-38.2028
-38.1288
-38.0478
-38.0078
-38.0289
-39.2338
-39.2237
-39.201
-39.2059
-39.2593
-43.0009
-43.2671
-43.4838
-43.6382
-43.7468
-40.0879
-40.7791
-40.8556
-40.7766
-40.7057
-48.4124
-48.4275
-48.5778
-48.6929
-48.7619
-48.8735
-49.2429
-49.4033
-49.5283
-49.628
-49.7191
-28.8298
-28.908
-28.9822
-29.0928
-29.1631
-12.7651
-14.0901
-14.6216
6.98388
7.31964
7.52549
7.67029
7.7548
-27.8813
-28.1415
-28.2985
-26.2124
-26.2885
-26.3474
-26.4056
-40.0431
-40.1177
-40.1609
-40.1914
-40.1834
-27.3163
-27.1126
-26.9623
-26.8377
-26.7275
-25.9002
-25.7883
-25.6911
-25.5943
-25.5015
-44.9012
-45.0909
-45.229
-45.3442
-45.4467
-38.2962
-38.2925
-38.2923
-38.2855
-38.2459
-45.5253
-45.6876
-45.8256
-45.8484
-45.9904
-42.9533
-43.0767
-43.1906
-43.2791
-43.4002
-28.9231
9.22767
9.69833
9.99647
10.2158
10.3582
4.98979
5.05323
4.991
4.88417
4.78898
-21.7907
-21.6842
-21.5953
-21.5185
-21.4531
-40.6012
-40.9716
-29.7807
-29.7502
-29.7292
-29.7322
-29.6694
-41.7428
-41.4718
-41.2388
-40.2006
-40.2911
-40.3122
-40.3179
-46.487
-46.6221
-46.7331
-46.8265
-46.9047
-47.9759
-48.1248
-48.2376
-48.3242
-48.3976
-24.0298
-23.948
-23.8812
-23.8139
-23.7412
-31.2956
-31.3311
-31.3565
-31.402
-31.3436
-41.962
-42.0612
-42.1495
-42.2234
-42.3306
-26.6547
-26.378
-26.1897
-26.0473
-25.9305
-20.1144
-19.9162
-19.7768
-19.6661
-19.5679
-48.6998
-51.5328
-54.5277
-57.9527
-61.1084
-39.9222
-39.9389
-39.9554
-39.9675
-39.9504
-48.9611
-49.0789
-49.1726
-49.2501
-49.3218
-39.4221
-39.4495
-39.4778
-39.4945
-39.4733
-39.6045
-39.6496
-39.6781
-39.6932
-39.6703
-21.2394
-21.0955
-20.9753
-20.876
-20.7874
-19.6048
-19.3878
-19.234
-19.1215
-19.0191
-46.6002
-29.505
-29.5712
-29.6335
-29.7141
-29.7009
-23.1139
-23.1209
-22.9258
-22.7588
-22.6632
-24.2546
-24.0821
-23.8254
-23.6231
-23.497
-48.9424
-49.0943
-49.2158
-49.3105
-49.4037
-29.0238
-29.5082
-0.342301
-1.35401
-1.38039
-1.48696
-38.2375
-38.0586
-37.8743
-37.7585
-37.7257
-39.3977
-39.0527
-38.7715
-38.6727
-50.0164
-50.1191
-50.1929
-50.2601
-50.3338
-22.9502
-22.8593
-22.7811
-22.7084
-22.6345
-40.71
-40.7695
-40.8143
-40.8641
-40.9517
-32.589
-32.6717
-32.6948
-32.7745
-32.705
-34.668
-34.7022
-34.7274
-34.7447
-34.7012
-44.3333
-44.4917
-44.6303
-44.7006
-44.8337
-29.5108
-24.6782
-24.6474
-24.6528
-24.6737
-24.6899
-5.78514
-6.74935
-7.36187
-7.83787
-8.2697
-23.4555
-23.4103
-23.3769
-23.3524
-23.3329
-53.1794
-56.0339
-58.6051
-61.5874
-63.892
-23.9162
-23.895
-23.8506
-23.8231
-23.759
-25.0354
-25.1687
-25.3296
-25.3906
-25.5559
-23.9655
-23.9621
-23.9852
-24.0152
-24.11
-22.4324
-22.2431
-22.0708
-21.9311
-21.7754
-25.033
-25.2538
-25.4866
-25.6434
-25.9883
-24.1073
-24.1505
-24.134
-24.1193
-24.0448
-22.7075
-22.7258
-22.7224
-22.7214
-22.7451
-23.1272
-23.2258
-23.2939
-23.3618
-23.4227
)
;

boundaryField
{
    inlet
    {
        type            zeroGradient;
    }
    outlet
    {
        type            fixedValue;
        value           uniform 0;
    }
    top
    {
        type            zeroGradient;
    }
    bottom
    {
        type            zeroGradient;
    }
    front
    {
        type            empty;
    }
    back
    {
        type            empty;
    }
    VAWT1
    {
        type            zeroGradient;
    }
    VAWT2
    {
        type            zeroGradient;
    }
    VAWT3
    {
        type            zeroGradient;
    }
    SHAFT
    {
        type            zeroGradient;
    }
    AMI1
    {
        type            cyclicAMI;
        value           nonuniform List<scalar> 
180
(
19.6108
-12.2984
19.591
-11.9116
-6.32535
-7.96535
-18.2478
-17.57
16.105
19.1601
19.4976
18.7716
-5.8351
15.5058
-10.463
-13.5483
-11.5867
-5.24779
-9.22225
-3.5773
10.3094
9.14046
14.1025
19.3213
19.4325
19.0372
19.1692
19.343
19.3466
3.51264
1.99538
18.4784
-2.79405
11.7595
-10.7806
-0.192173
-1.68999
-13.9915
-13.1145
-14.5823
-15.3743
-16.8849
-24.7449
-22.6441
-10.2489
-8.63836
-7.4596
-5.18397
-15.1547
-20.0368
-20.5149
-14.7305
-15.4462
-6.49438
-8.63149
-3.32952
18.7899
18.3237
19.5975
19.1619
19.1113
6.27267
-9.08152
-9.5325
-12.6993
-15.9749
-16.1259
17.9595
17.6685
19.535
19.2087
19.3367
19.2291
-8.08381
-8.64902
5.93607
7.5291
-11.5308
3.01819
4.47647
-4.72752
-14.8892
-15.425
-9.66955
-19.2096
-17.7606
-21.1481
-20.4885
-6.64168
-3.42714
-19.0688
-19.8412
-18.8989
-20.266
-20.6113
-13.1966
-12.4198
-16.8748
-11.7079
-10.9055
15.3941
14.8454
19.0403
19.551
19.0615
19.0569
7.7266
4.75895
-3.95058
-5.06398
-10.0287
-13.1141
-16.9192
-16.6398
-17.6894
-21.4788
-14.2534
-4.21783
-5.77698
-5.04875
11.2769
13.3527
12.2813
16.5603
17.2084
19.4448
19.4426
19.1004
18.9998
19.2379
19.1559
19.3274
-0.5679
-1.96393
0.90296
19.046
19.3323
17.999
16.3876
17.1538
-7.45949
-6.68543
13.0254
14.2666
10.566
8.72106
-11.1502
1.80103
-3.18224
-14.4087
-11.404
-15.8019
-16.8002
-16.2169
-22.2417
-23.1312
-24.1272
-24.9815
-11.6382
-14.5776
-13.073
-7.73011
-5.72195
-2.8373
-5.0056
-6.48617
-7.68273
-5.4413
-17.9207
-16.5819
-11.3395
-12.9601
-19.5008
-20.805
-13.8409
-16.1654
-7.9432
-7.23898
-9.28312
-10.2701
)
;
    }
    AMI2
    {
        type            cyclicAMI;
        value           nonuniform List<scalar> 
184
(
18.377
19.1148
-9.04501
-8.10442
-15.8904
-17.6428
19.5951
19.611
18.0181
19.1962
-8.61618
5.69754
-11.88
4.26906
-6.49945
-12.2564
-15.341
-19.3239
-20.5362
-19.7965
-20.2468
-12.5253
-11.8244
-18.3037
14.4413
-3.15856
-0.359721
-13.1885
-21.5739
-6.04651
-20.5441
-15.5539
19.3417
19.1811
19.4359
19.4948
13.6631
19.1506
19.1657
-2.0514
16.1773
14.9389
-10.4107
-10.7632
-1.9117
-13.4822
-13.9412
-14.7356
-15.804
-23.129
-14.7589
-7.867
-9.88796
-6.82414
-20.0618
-14.8082
18.8613
19.1625
7.09755
5.62523
-9.54968
-9.77378
-16.1089
-16.9656
19.5441
19.5956
17.723
19.3458
19.136
19.2823
-8.13286
7.21304
-11.5079
2.81206
-4.93203
-12.6468
-14.7967
-17.6716
-21.0494
-7.26232
-6.21011
-2.97579
-3.94286
-19.1587
-20.6035
-13.3115
-11.0575
-18.9375
15.5398
16.2988
14.9692
19.0485
19.0817
18.9107
18.6252
-4.02396
-5.91254
-5.05061
1.59637
-11.4791
-16.5075
-17.011
-18.0285
-15.5609
-12.1227
-5.15711
-5.49655
-3.93967
-4.58692
-5.20225
-20.847
-16.2704
19.4594
19.0517
19.4425
19.5489
10.7552
11.8092
12.4895
8.53146
9.55505
17.3142
16.6064
19.0959
19.0437
18.9998
19.3406
19.345
19.2276
19.2945
19.3529
3.3232
4.19726
-0.722465
0.365486
1.7673
18.3578
17.587
16.9017
-6.77734
-7.48885
12.7594
11.4238
13.9362
8.50737
10.3191
-10.0578
-11.1338
-3.40664
-13.0519
-14.3577
-15.6985
-16.8481
-16.8101
-16.4427
-22.9305
-22.1782
-24.2283
-24.5791
-24.981
-10.8608
-12.3766
-13.5634
-8.23441
-9.15233
-7.96903
-5.94529
-6.57747
-5.75397
-5.23213
-16.7115
-17.9862
-11.4763
-15.2938
-12.9288
-8.09193
-8.82869
-7.42295
-10.3933
-9.40191
-3.10821
-3.31458
-19.5268
-13.9387
)
;
    }
}


// ************************************************************************* //
