1.901999999999999886e+02 6.189999999999999858e+01
1.914000000000000057e+02 1.105000000000000000e+02
2.876000000000000227e+02 8.520000000000000284e+01
1.945000000000000000e+02 4.670000000000000284e+01
2.988999999999999773e+02 2.610000000000000142e+01
2.763000000000000114e+02 -9.599999999999999645e+00
2.268000000000000114e+02 -2.780000000000000071e+01
2.603000000000000114e+02 -8.709999999999999432e+01
2.093000000000000114e+02 -7.409999999999999432e+01
1.924000000000000057e+02 -1.110999999999999943e+02
