1.901999999999999886e+02 6.189999999999999858e+01
1.758000000000000114e+02 9.540000000000000568e+01
1.990999999999999943e+02 6.659999999999999432e+01
2.665000000000000000e+02 5.179999999999999716e+01
2.636000000000000227e+02 3.939999999999999858e+01
2.255000000000000000e+02 -2.000000000000000000e+00
2.211999999999999886e+02 -1.930000000000000071e+01
2.065999999999999943e+02 -7.109999999999999432e+01
1.890999999999999943e+02 -6.509999999999999432e+01
1.924000000000000057e+02 -1.110999999999999943e+02
