1.901999999999999886e+02 6.189999999999999858e+01
2.324000000000000057e+02 1.315000000000000000e+02
2.309000000000000057e+02 7.729999999999999716e+01
2.171999999999999886e+02 6.229999999999999716e+01
1.995999999999999943e+02 1.219999999999999929e+01
2.174000000000000057e+02 7.599999999999999645e+00
2.525000000000000000e+02 -2.210000000000000142e+01
2.106999999999999886e+02 -6.840000000000000568e+01
2.038000000000000114e+02 -8.029999999999999716e+01
1.924000000000000057e+02 -1.110999999999999943e+02
