1.901999999999999886e+02 6.189999999999999858e+01
1.805000000000000000e+02 8.609999999999999432e+01
2.176999999999999886e+02 9.240000000000000568e+01
2.125000000000000000e+02 5.889999999999999858e+01
1.995000000000000000e+02 1.400000000000000000e+01
2.314000000000000057e+02 8.099999999999999645e+00
2.140999999999999943e+02 -3.200000000000000000e+01
1.901999999999999886e+02 -6.179999999999999716e+01
1.834000000000000057e+02 -7.970000000000000284e+01
1.924000000000000057e+02 -1.110999999999999943e+02
