1.901999999999999886e+02 6.189999999999999858e+01
2.503000000000000114e+02 1.445000000000000000e+02
2.015999999999999943e+02 6.550000000000000000e+01
2.275000000000000000e+02 5.670000000000000284e+01
2.293000000000000114e+02 1.000000000000000000e+01
2.000000000000000000e+02 0.000000000000000000e+00
2.918999999999999773e+02 -2.550000000000000000e+01
1.890999999999999943e+02 -6.509999999999999432e+01
1.956999999999999886e+02 -6.740000000000000568e+01
1.924000000000000057e+02 -1.110999999999999943e+02
