1.920000000000000000e+02 5.589999999999999858e+01
2.510000000000000000e+02 1.252000000000000028e+02
2.355000000000000000e+02 9.520000000000000284e+01
2.518000000000000114e+02 6.050000000000000000e+01
2.118000000000000114e+02 2.230000000000000071e+01
2.898000000000000114e+02 -1.009999999999999964e+01
2.591000000000000227e+02 -5.039999999999999858e+01
2.328000000000000114e+02 -4.950000000000000000e+01
2.030999999999999943e+02 -9.909999999999999432e+01
2.763000000000000114e+02 -1.167999999999999972e+02
