1.901999999999999886e+02 6.189999999999999858e+01
1.731999999999999886e+02 1.000000000000000000e+02
2.240999999999999943e+02 8.159999999999999432e+01
2.304000000000000057e+02 6.170000000000000284e+01
1.995000000000000000e+02 1.400000000000000000e+01
2.325000000000000000e+02 -2.000000000000000000e+00
2.025000000000000000e+02 -4.300000000000000000e+01
1.890999999999999943e+02 -6.509999999999999432e+01
2.063000000000000114e+02 -1.005999999999999943e+02
1.924000000000000057e+02 -1.110999999999999943e+02
