1.901999999999999886e+02 6.189999999999999858e+01
1.969000000000000057e+02 1.002999999999999972e+02
2.591000000000000227e+02 1.047000000000000028e+02
1.940999999999999943e+02 4.839999999999999858e+01
2.258000000000000114e+02 2.369999999999999929e+01
2.000000000000000000e+02 1.699999999999999956e+00
1.963000000000000114e+02 -3.820000000000000284e+01
2.023000000000000114e+02 -6.970000000000000284e+01
1.966999999999999886e+02 -9.170000000000000284e+01
1.924000000000000057e+02 -1.110999999999999943e+02
