1.740000000000000000e+02 1.005000000000000000e+02
2.485999999999999943e+02 1.197000000000000028e+02
1.991999999999999886e+02 6.520000000000000284e+01
2.406999999999999886e+02 4.950000000000000000e+01
2.075999999999999943e+02 2.680000000000000071e+01
2.741999999999999886e+02 -8.000000000000000000e+00
2.111999999999999886e+02 -3.410000000000000142e+01
2.128000000000000114e+02 -5.520000000000000284e+01
2.325999999999999943e+02 -9.520000000000000284e+01
1.940999999999999943e+02 -4.820000000000000284e+01
