1.901999999999999886e+02 6.189999999999999858e+01
1.845000000000000000e+02 9.809999999999999432e+01
2.508000000000000114e+02 1.065000000000000000e+02
2.253000000000000114e+02 4.379999999999999716e+01
2.130000000000000000e+02 2.050000000000000000e+01
2.054000000000000057e+02 7.200000000000000178e+00
1.970999999999999943e+02 -4.189999999999999858e+01
1.896999999999999886e+02 -6.350000000000000000e+01
2.014000000000000057e+02 -8.970000000000000284e+01
1.924000000000000057e+02 -1.110999999999999943e+02
