2.219000000000000057e+02 1.280999999999999943e+02
1.894000000000000057e+02 8.829999999999999716e+01
2.845000000000000000e+02 9.520000000000000284e+01
2.345000000000000000e+02 4.350000000000000000e+01
2.973999999999999773e+02 3.130000000000000071e+01
2.580000000000000000e+02 -0.000000000000000000e+00
2.783000000000000114e+02 -5.920000000000000284e+01
2.043000000000000114e+02 -5.860000000000000142e+01
1.873000000000000114e+02 -7.000000000000000000e+01
2.776999999999999886e+02 -1.135000000000000000e+02
