1.901999999999999886e+02 6.189999999999999858e+01
2.065000000000000000e+02 1.192000000000000028e+02
2.460999999999999943e+02 7.059999999999999432e+01
2.801999999999999886e+02 8.029999999999999716e+01
2.036999999999999886e+02 1.069999999999999929e+01
2.200000000000000000e+02 -3.799999999999999822e+00
2.235999999999999943e+02 -1.960000000000000142e+01
2.543000000000000114e+02 -8.759999999999999432e+01
1.854000000000000057e+02 -7.490000000000000568e+01
1.924000000000000057e+02 -1.110999999999999943e+02
