1.901999999999999886e+02 6.189999999999999858e+01
1.765999999999999943e+02 9.390000000000000568e+01
2.480000000000000000e+02 7.109999999999999432e+01
2.126999999999999886e+02 4.520000000000000284e+01
2.463000000000000114e+02 8.599999999999999645e+00
2.454000000000000057e+02 -6.400000000000000355e+00
2.496999999999999886e+02 -3.729999999999999716e+01
1.890999999999999943e+02 -6.509999999999999432e+01
1.866999999999999886e+02 -7.170000000000000284e+01
1.924000000000000057e+02 -1.110999999999999943e+02
