1.901999999999999886e+02 6.189999999999999858e+01
1.779000000000000057e+02 9.459999999999999432e+01
2.439000000000000057e+02 1.035000000000000000e+02
2.255999999999999943e+02 5.620000000000000284e+01
2.155999999999999943e+02 1.319999999999999929e+01
1.999000000000000057e+02 7.000000000000000000e+00
1.973000000000000114e+02 -3.300000000000000000e+01
1.945000000000000000e+02 -4.670000000000000284e+01
1.894000000000000057e+02 -8.229999999999999716e+01
1.924000000000000057e+02 -1.110999999999999943e+02
