1.901999999999999886e+02 6.189999999999999858e+01
1.840999999999999943e+02 1.000000000000000000e+02
2.430000000000000000e+02 1.032000000000000028e+02
2.196999999999999886e+02 5.889999999999999858e+01
2.030999999999999943e+02 1.960000000000000142e+01
2.074000000000000057e+02 7.200000000000000178e+00
2.035000000000000000e+02 -3.220000000000000284e+01
2.028000000000000114e+02 -5.250000000000000000e+01
1.861999999999999886e+02 -8.090000000000000568e+01
1.924000000000000057e+02 -1.110999999999999943e+02
