1.901999999999999886e+02 6.189999999999999858e+01
1.820000000000000000e+02 8.290000000000000568e+01
2.103000000000000114e+02 8.929999999999999716e+01
2.205999999999999943e+02 6.329999999999999716e+01
1.994000000000000057e+02 1.569999999999999929e+01
2.309000000000000057e+02 8.099999999999999645e+00
1.973000000000000114e+02 -3.300000000000000000e+01
2.021999999999999886e+02 -6.370000000000000284e+01
1.848000000000000114e+02 -7.650000000000000000e+01
1.924000000000000057e+02 -1.110999999999999943e+02
