1.901999999999999886e+02 6.189999999999999858e+01
1.790000000000000000e+02 8.920000000000000284e+01
2.474000000000000057e+02 9.500000000000000000e+01
2.379000000000000057e+02 6.820000000000000284e+01
1.995999999999999943e+02 1.219999999999999929e+01
2.444000000000000057e+02 8.500000000000000000e+00
2.295999999999999943e+02 -3.639999999999999858e+01
2.200000000000000000e+02 -7.359999999999999432e+01
1.820000000000000000e+02 -8.290000000000000568e+01
1.924000000000000057e+02 -1.110999999999999943e+02
