1.901999999999999886e+02 6.189999999999999858e+01
1.960000000000000000e+02 9.990000000000000568e+01
2.085999999999999943e+02 5.979999999999999716e+01
2.065999999999999943e+02 4.770000000000000284e+01
2.210999999999999943e+02 1.350000000000000000e+01
1.999000000000000057e+02 7.000000000000000000e+00
2.561999999999999886e+02 -3.829999999999999716e+01
1.890999999999999943e+02 -6.509999999999999432e+01
2.230999999999999943e+02 -7.679999999999999716e+01
1.924000000000000057e+02 -1.110999999999999943e+02
