1.901999999999999886e+02 6.189999999999999858e+01
1.946999999999999886e+02 1.035000000000000000e+02
2.380999999999999943e+02 9.140000000000000568e+01
1.985000000000000000e+02 5.320000000000000284e+01
1.996999999999999886e+02 1.050000000000000000e+01
2.000000000000000000e+02 1.699999999999999956e+00
1.983000000000000114e+02 -2.610000000000000142e+01
1.890999999999999943e+02 -6.509999999999999432e+01
1.860999999999999943e+02 -7.329999999999999716e+01
1.924000000000000057e+02 -1.110999999999999943e+02
