1.954000000000000057e+02 4.270000000000000284e+01
1.781999999999999886e+02 9.079999999999999716e+01
2.354000000000000057e+02 8.109999999999999432e+01
2.928999999999999773e+02 6.490000000000000568e+01
2.998000000000000114e+02 1.050000000000000000e+01
2.676999999999999886e+02 -1.169999999999999929e+01
1.975000000000000000e+02 -3.130000000000000071e+01
2.601000000000000227e+02 -7.950000000000000000e+01
2.025999999999999943e+02 -9.659999999999999432e+01
1.753000000000000114e+02 -9.629999999999999716e+01
