1.734000000000000057e+02 9.959999999999999432e+01
2.400000000000000000e+02 1.366999999999999886e+02
2.456999999999999886e+02 1.000000000000000000e+02
2.098000000000000114e+02 3.979999999999999716e+01
2.144000000000000057e+02 2.419999999999999929e+01
2.606999999999999886e+02 7.599999999999999645e+00
2.365999999999999943e+02 -2.450000000000000000e+01
2.199000000000000057e+02 -5.670000000000000284e+01
2.478000000000000114e+02 -8.879999999999999716e+01
1.950999999999999943e+02 -4.420000000000000284e+01
