1.901999999999999886e+02 6.189999999999999858e+01
2.104000000000000057e+02 1.215000000000000000e+02
1.923000000000000114e+02 5.510000000000000142e+01
2.066999999999999886e+02 5.729999999999999716e+01
1.999000000000000057e+02 7.000000000000000000e+00
2.059000000000000057e+02 7.200000000000000178e+00
2.813999999999999773e+02 -2.460000000000000142e+01
1.965999999999999943e+02 -5.639999999999999858e+01
2.266999999999999886e+02 -9.159999999999999432e+01
1.924000000000000057e+02 -1.110999999999999943e+02
