2.848000000000000114e+02 9.409999999999999432e+01
2.450000000000000000e+02 1.060000000000000000e+02
2.075000000000000000e+02 7.979999999999999716e+01
2.066999999999999886e+02 5.520000000000000284e+01
2.405999999999999943e+02 1.590000000000000036e+01
2.570000000000000000e+02 -1.530000000000000071e+01
2.923999999999999773e+02 -3.119999999999999929e+01
2.580000000000000000e+02 -7.479999999999999716e+01
1.986999999999999886e+02 -9.520000000000000284e+01
2.546999999999999886e+02 -1.470999999999999943e+02
