1.901999999999999886e+02 6.189999999999999858e+01
2.075999999999999943e+02 1.035000000000000000e+02
2.333000000000000114e+02 9.659999999999999432e+01
1.923000000000000114e+02 5.510000000000000142e+01
1.989000000000000057e+02 2.089999999999999858e+01
2.015000000000000000e+02 -0.000000000000000000e+00
1.955999999999999943e+02 -4.160000000000000142e+01
1.896999999999999886e+02 -6.350000000000000000e+01
2.046999999999999886e+02 -7.650000000000000000e+01
1.924000000000000057e+02 -1.110999999999999943e+02
