1.901999999999999886e+02 6.189999999999999858e+01
1.805000000000000000e+02 8.609999999999999432e+01
2.535999999999999943e+02 1.025000000000000000e+02
2.100999999999999943e+02 5.629999999999999716e+01
1.978000000000000114e+02 2.960000000000000142e+01
2.000000000000000000e+02 1.699999999999999956e+00
1.970000000000000000e+02 -3.470000000000000284e+01
2.210999999999999943e+02 -4.700000000000000000e+01
2.093000000000000114e+02 -8.250000000000000000e+01
1.924000000000000057e+02 -1.110999999999999943e+02
