1.901999999999999886e+02 6.189999999999999858e+01
1.950000000000000000e+02 1.080999999999999943e+02
2.293000000000000114e+02 9.029999999999999716e+01
2.360000000000000000e+02 6.770000000000000284e+01
2.148000000000000114e+02 9.400000000000000355e+00
1.999000000000000057e+02 7.000000000000000000e+00
1.960000000000000000e+02 -3.989999999999999858e+01
1.950999999999999943e+02 -5.050000000000000000e+01
1.898000000000000114e+02 -8.250000000000000000e+01
1.924000000000000057e+02 -1.110999999999999943e+02
