2.848000000000000114e+02 9.409999999999999432e+01
2.761999999999999886e+02 1.172000000000000028e+02
2.239000000000000057e+02 7.929999999999999716e+01
2.061999999999999886e+02 5.910000000000000142e+01
2.210999999999999943e+02 1.350000000000000000e+01
2.665000000000000000e+02 2.299999999999999822e+00
2.953999999999999773e+02 -5.210000000000000142e+01
2.550999999999999943e+02 -8.540000000000000568e+01
2.189000000000000057e+02 -1.067000000000000028e+02
2.546999999999999886e+02 -1.470999999999999943e+02
