1.901999999999999886e+02 6.189999999999999858e+01
1.933000000000000114e+02 9.850000000000000000e+01
2.559000000000000057e+02 1.060000000000000000e+02
2.193000000000000114e+02 5.470000000000000284e+01
2.131999999999999886e+02 1.119999999999999929e+01
2.060000000000000000e+02 1.800000000000000044e+00
2.094000000000000057e+02 -3.320000000000000284e+01
1.931999999999999886e+02 -5.179999999999999716e+01
2.188000000000000114e+02 -8.840000000000000568e+01
1.924000000000000057e+02 -1.110999999999999943e+02
