1.901999999999999886e+02 6.189999999999999858e+01
2.246999999999999886e+02 1.072000000000000028e+02
2.225000000000000000e+02 6.379999999999999716e+01
2.485000000000000000e+02 7.129999999999999716e+01
1.999000000000000057e+02 7.000000000000000000e+00
2.468000000000000114e+02 8.599999999999999645e+00
2.845000000000000000e+02 -3.750000000000000000e+01
2.004000000000000057e+02 -6.900000000000000000e+01
1.860999999999999943e+02 -7.329999999999999716e+01
1.924000000000000057e+02 -1.110999999999999943e+02
