1.901999999999999886e+02 6.189999999999999858e+01
2.009000000000000057e+02 1.024000000000000057e+02
2.420999999999999943e+02 1.027999999999999972e+02
2.379000000000000057e+02 6.820000000000000284e+01
2.134000000000000057e+02 7.500000000000000000e+00
2.119000000000000057e+02 7.400000000000000355e+00
2.114000000000000057e+02 -3.350000000000000000e+01
1.940999999999999943e+02 -4.839999999999999858e+01
1.966999999999999886e+02 -8.550000000000000000e+01
1.924000000000000057e+02 -1.110999999999999943e+02
