1.901999999999999886e+02 6.189999999999999858e+01
1.810999999999999943e+02 8.829999999999999716e+01
2.406999999999999886e+02 9.970000000000000284e+01
2.129000000000000057e+02 3.950000000000000000e+01
2.106999999999999886e+02 2.769999999999999929e+01
2.145000000000000000e+02 3.700000000000000178e+00
2.038000000000000114e+02 -4.150000000000000000e+01
1.905000000000000000e+02 -6.559999999999999432e+01
1.845000000000000000e+02 -8.220000000000000284e+01
1.924000000000000057e+02 -1.110999999999999943e+02
