1.901999999999999886e+02 6.189999999999999858e+01
1.973000000000000114e+02 1.070999999999999943e+02
2.238000000000000114e+02 8.809999999999999432e+01
1.950999999999999943e+02 5.600000000000000000e+01
2.056999999999999886e+02 1.800000000000000000e+01
1.999000000000000057e+02 7.000000000000000000e+00
1.973000000000000114e+02 -3.300000000000000000e+01
2.136999999999999886e+02 -7.359999999999999432e+01
1.860999999999999943e+02 -7.329999999999999716e+01
1.924000000000000057e+02 -1.110999999999999943e+02
