1.920000000000000000e+02 5.610000000000000142e+01
2.406999999999999886e+02 1.080999999999999943e+02
2.354000000000000057e+02 9.500000000000000000e+01
2.563999999999999773e+02 5.789999999999999858e+01
2.259000000000000057e+02 1.100000000000000000e+01
2.190999999999999943e+02 -1.590000000000000036e+01
2.978000000000000114e+02 -3.529999999999999716e+01
2.866999999999999886e+02 -8.509999999999999432e+01
1.980000000000000000e+02 -7.920000000000000284e+01
2.798000000000000114e+02 -1.080999999999999943e+02
