1.901999999999999886e+02 6.189999999999999858e+01
1.780000000000000000e+02 9.659999999999999432e+01
2.711000000000000227e+02 7.770000000000000284e+01
2.245000000000000000e+02 6.440000000000000568e+01
1.996999999999999886e+02 1.050000000000000000e+01
2.525000000000000000e+02 0.000000000000000000e+00
2.145000000000000000e+02 -2.069999999999999929e+01
2.296999999999999886e+02 -7.459999999999999432e+01
2.046999999999999886e+02 -7.650000000000000000e+01
1.924000000000000057e+02 -1.110999999999999943e+02
