1.901999999999999886e+02 6.189999999999999858e+01
1.863000000000000114e+02 9.909999999999999432e+01
2.299000000000000057e+02 9.290000000000000568e+01
2.516999999999999886e+02 6.509999999999999432e+01
2.114000000000000057e+02 7.400000000000000355e+00
2.139000000000000057e+02 7.500000000000000000e+00
2.063000000000000114e+02 -3.639999999999999858e+01
1.990000000000000000e+02 -5.520000000000000284e+01
2.149000000000000057e+02 -8.470000000000000284e+01
1.924000000000000057e+02 -1.110999999999999943e+02
