1.901999999999999886e+02 6.189999999999999858e+01
1.981999999999999886e+02 1.075999999999999943e+02
2.508000000000000114e+02 1.039000000000000057e+02
2.345000000000000000e+02 6.729999999999999716e+01
2.179000000000000057e+02 7.599999999999999645e+00
1.999000000000000057e+02 7.000000000000000000e+00
2.091999999999999886e+02 -3.130000000000000071e+01
1.945000000000000000e+02 -4.670000000000000284e+01
1.889000000000000057e+02 -7.829999999999999716e+01
1.924000000000000057e+02 -1.110999999999999943e+02
