1.901999999999999886e+02 6.189999999999999858e+01
1.854000000000000057e+02 1.027999999999999972e+02
2.384000000000000057e+02 1.012000000000000028e+02
2.090999999999999943e+02 5.600000000000000000e+01
1.989000000000000057e+02 2.089999999999999858e+01
1.999000000000000057e+02 7.000000000000000000e+00
2.021999999999999886e+02 -3.379999999999999716e+01
2.033000000000000114e+02 -5.070000000000000284e+01
1.963000000000000114e+02 -8.529999999999999716e+01
1.924000000000000057e+02 -1.110999999999999943e+02
