1.901999999999999886e+02 6.189999999999999858e+01
1.854000000000000057e+02 9.650000000000000000e+01
2.420999999999999943e+02 1.027999999999999972e+02
2.370999999999999943e+02 6.570000000000000284e+01
2.213000000000000114e+02 9.699999999999999289e+00
1.999000000000000057e+02 7.000000000000000000e+00
1.975000000000000000e+02 -3.130000000000000071e+01
1.960000000000000000e+02 -5.070000000000000284e+01
2.044000000000000057e+02 -8.670000000000000284e+01
1.924000000000000057e+02 -1.110999999999999943e+02
