1.901999999999999886e+02 6.189999999999999858e+01
1.749000000000000057e+02 9.700000000000000000e+01
2.628000000000000114e+02 1.115999999999999943e+02
2.193000000000000114e+02 5.670000000000000284e+01
2.275999999999999943e+02 1.390000000000000036e+01
1.999000000000000057e+02 7.000000000000000000e+00
1.984000000000000057e+02 -4.039999999999999858e+01
2.173000000000000114e+02 -5.820000000000000284e+01
1.985999999999999943e+02 -8.229999999999999716e+01
1.924000000000000057e+02 -1.110999999999999943e+02
