1.901999999999999886e+02 6.189999999999999858e+01
1.831999999999999886e+02 9.950000000000000000e+01
2.458000000000000114e+02 1.042999999999999972e+02
2.255999999999999943e+02 5.829999999999999716e+01
1.990999999999999943e+02 1.919999999999999929e+01
2.059000000000000057e+02 5.400000000000000355e+00
1.973000000000000114e+02 -3.300000000000000000e+01
1.940999999999999943e+02 -5.020000000000000284e+01
1.964000000000000057e+02 -8.740000000000000568e+01
1.924000000000000057e+02 -1.110999999999999943e+02
