1.901999999999999886e+02 6.189999999999999858e+01
2.445999999999999943e+02 1.384000000000000057e+02
1.945999999999999943e+02 5.950000000000000000e+01
1.923000000000000114e+02 5.510000000000000142e+01
1.999000000000000057e+02 7.000000000000000000e+00
2.244000000000000057e+02 7.799999999999999822e+00
2.535000000000000000e+02 -2.219999999999999929e+01
1.901999999999999886e+02 -6.179999999999999716e+01
2.288000000000000114e+02 -1.090999999999999943e+02
1.924000000000000057e+02 -1.110999999999999943e+02
