2.125000000000000000e+02 1.227000000000000028e+02
2.648999999999999773e+02 1.408000000000000114e+02
2.563999999999999773e+02 1.062000000000000028e+02
1.945000000000000000e+02 4.670000000000000284e+01
2.336999999999999886e+02 1.219999999999999929e+01
2.998000000000000114e+02 1.050000000000000000e+01
2.001999999999999886e+02 -3.350000000000000000e+01
2.364000000000000057e+02 -8.140000000000000568e+01
2.284000000000000057e+02 -9.000000000000000000e+01
2.678999999999999773e+02 -1.350000000000000000e+02
