1.901999999999999886e+02 6.189999999999999858e+01
1.749000000000000057e+02 9.700000000000000000e+01
2.391999999999999886e+02 9.659999999999999432e+01
2.090999999999999943e+02 6.000000000000000000e+01
1.995999999999999943e+02 1.219999999999999929e+01
2.139000000000000057e+02 5.599999999999999645e+00
1.980999999999999943e+02 -2.780000000000000071e+01
2.155999999999999943e+02 -6.590000000000000568e+01
2.014000000000000057e+02 -7.929999999999999716e+01
1.924000000000000057e+02 -1.110999999999999943e+02
