1.901999999999999886e+02 6.189999999999999858e+01
1.934000000000000057e+02 1.027999999999999972e+02
2.439000000000000057e+02 1.035000000000000000e+02
2.519000000000000057e+02 7.220000000000000284e+01
2.394000000000000057e+02 8.400000000000000355e+00
2.180000000000000000e+02 1.899999999999999911e+00
2.009000000000000057e+02 -3.539999999999999858e+01
2.144000000000000057e+02 -5.150000000000000000e+01
1.903000000000000114e+02 -7.879999999999999716e+01
1.924000000000000057e+02 -1.110999999999999943e+02
