1.901999999999999886e+02 6.189999999999999858e+01
1.749000000000000057e+02 9.700000000000000000e+01
2.475999999999999943e+02 1.050999999999999943e+02
2.085999999999999943e+02 4.050000000000000000e+01
2.168000000000000114e+02 9.500000000000000000e+00
2.000000000000000000e+02 1.699999999999999956e+00
2.183000000000000114e+02 -4.050000000000000000e+01
2.158000000000000114e+02 -4.979999999999999716e+01
2.243000000000000114e+02 -9.990000000000000568e+01
1.924000000000000057e+02 -1.110999999999999943e+02
