1.901999999999999886e+02 6.189999999999999858e+01
1.781999999999999886e+02 9.079999999999999716e+01
2.508000000000000114e+02 1.065000000000000000e+02
2.110000000000000000e+02 5.260000000000000142e+01
1.991999999999999886e+02 1.739999999999999858e+01
1.999000000000000057e+02 7.000000000000000000e+00
2.005999999999999943e+02 -3.720000000000000284e+01
2.070999999999999943e+02 -4.970000000000000284e+01
1.834000000000000057e+02 -7.970000000000000284e+01
1.924000000000000057e+02 -1.110999999999999943e+02
