1.901999999999999886e+02 6.189999999999999858e+01
1.849000000000000057e+02 1.067000000000000028e+02
2.200999999999999943e+02 6.310000000000000142e+01
2.425999999999999943e+02 6.050000000000000000e+01
2.254000000000000057e+02 1.580000000000000071e+01
2.000000000000000000e+02 3.500000000000000000e+00
2.445999999999999943e+02 -2.139999999999999858e+01
1.950000000000000000e+02 -6.150000000000000000e+01
2.145999999999999943e+02 -8.670000000000000284e+01
1.924000000000000057e+02 -1.110999999999999943e+02
