1.901999999999999886e+02 6.189999999999999858e+01
1.866999999999999886e+02 1.055999999999999943e+02
2.471999999999999886e+02 1.049000000000000057e+02
2.085999999999999943e+02 5.400000000000000000e+01
2.024000000000000057e+02 2.130000000000000071e+01
1.999000000000000057e+02 7.000000000000000000e+00
2.030000000000000000e+02 -3.210000000000000142e+01
2.043000000000000114e+02 -5.279999999999999716e+01
1.851999999999999886e+02 -8.440000000000000568e+01
1.924000000000000057e+02 -1.110999999999999943e+02
