1.901999999999999886e+02 6.189999999999999858e+01
1.790000000000000000e+02 8.920000000000000284e+01
2.309000000000000057e+02 8.629999999999999716e+01
2.023000000000000114e+02 5.039999999999999858e+01
1.990999999999999943e+02 1.919999999999999929e+01
2.214000000000000057e+02 7.700000000000000178e+00
1.960000000000000000e+02 -3.989999999999999858e+01
1.969000000000000057e+02 -6.210000000000000142e+01
2.045000000000000000e+02 -7.850000000000000000e+01
1.924000000000000057e+02 -1.110999999999999943e+02
