1.901999999999999886e+02 6.189999999999999858e+01
2.054000000000000057e+02 1.024000000000000057e+02
2.665000000000000000e+02 8.920000000000000284e+01
1.935999999999999943e+02 5.010000000000000142e+01
2.648000000000000114e+02 9.199999999999999289e+00
2.389000000000000057e+02 -6.299999999999999822e+00
2.823999999999999773e+02 -2.969999999999999929e+01
1.945999999999999943e+02 -6.129999999999999716e+01
2.381999999999999886e+02 -9.379999999999999716e+01
1.924000000000000057e+02 -1.110999999999999943e+02
