2.044000000000000057e+02 1.180000000000000000e+02
2.730000000000000000e+02 1.244000000000000057e+02
2.060999999999999943e+02 6.300000000000000000e+01
1.953000000000000114e+02 4.329999999999999716e+01
1.999000000000000057e+02 7.000000000000000000e+00
2.788000000000000114e+02 -1.950000000000000000e+01
1.973000000000000114e+02 -3.300000000000000000e+01
2.678000000000000114e+02 -8.190000000000000568e+01
2.741000000000000227e+02 -1.220000000000000000e+02
2.345000000000000000e+02 -1.354000000000000057e+02
