1.901999999999999886e+02 6.189999999999999858e+01
1.775000000000000000e+02 9.840000000000000568e+01
2.393000000000000114e+02 9.909999999999999432e+01
2.284000000000000057e+02 6.329999999999999716e+01
1.986999999999999886e+02 2.260000000000000142e+01
1.999000000000000057e+02 7.000000000000000000e+00
2.041999999999999886e+02 -3.420000000000000284e+01
1.945999999999999943e+02 -5.029999999999999716e+01
1.826999999999999886e+02 -8.129999999999999716e+01
1.924000000000000057e+02 -1.110999999999999943e+02
