1.901999999999999886e+02 6.189999999999999858e+01
1.991999999999999886e+02 1.122000000000000028e+02
2.121999999999999886e+02 6.110000000000000142e+01
2.476999999999999886e+02 6.650000000000000000e+01
2.090000000000000000e+02 8.099999999999999645e+00
2.495999999999999943e+02 8.699999999999999289e+00
2.225000000000000000e+02 -2.839999999999999858e+01
2.356999999999999886e+02 -8.009999999999999432e+01
2.069000000000000057e+02 -7.440000000000000568e+01
1.924000000000000057e+02 -1.110999999999999943e+02
