1.901999999999999886e+02 6.189999999999999858e+01
2.155999999999999943e+02 1.245000000000000000e+02
2.059000000000000057e+02 6.690000000000000568e+01
1.926999999999999886e+02 5.339999999999999858e+01
2.294000000000000057e+02 2.210000000000000142e+01
1.999000000000000057e+02 5.200000000000000178e+00
1.955999999999999943e+02 -4.160000000000000142e+01
1.923000000000000114e+02 -5.510000000000000142e+01
1.805000000000000000e+02 -8.609999999999999432e+01
1.924000000000000057e+02 -1.110999999999999943e+02
