1.901999999999999886e+02 6.189999999999999858e+01
2.013000000000000114e+02 1.070000000000000000e+02
2.596000000000000227e+02 1.049000000000000057e+02
2.370000000000000000e+02 6.790000000000000568e+01
2.079000000000000057e+02 7.299999999999999822e+00
1.999000000000000057e+02 7.000000000000000000e+00
2.094000000000000057e+02 -3.879999999999999716e+01
1.949000000000000057e+02 -4.500000000000000000e+01
2.235999999999999943e+02 -9.259999999999999432e+01
1.924000000000000057e+02 -1.110999999999999943e+02
