1.901999999999999886e+02 6.189999999999999858e+01
2.278000000000000114e+02 1.210999999999999943e+02
2.291999999999999886e+02 9.729999999999999716e+01
1.931999999999999886e+02 5.179999999999999716e+01
2.061999999999999886e+02 1.080000000000000071e+01
1.999000000000000057e+02 7.000000000000000000e+00
1.975000000000000000e+02 -3.130000000000000071e+01
1.890999999999999943e+02 -6.509999999999999432e+01
1.970000000000000000e+02 -7.959999999999999432e+01
1.924000000000000057e+02 -1.110999999999999943e+02
