1.901999999999999886e+02 6.189999999999999858e+01
1.875999999999999943e+02 1.060999999999999943e+02
2.428000000000000114e+02 9.570000000000000284e+01
1.975000000000000000e+02 3.130000000000000071e+01
1.994000000000000057e+02 1.569999999999999929e+01
2.125000000000000000e+02 0.000000000000000000e+00
1.960000000000000000e+02 -3.989999999999999858e+01
2.161999999999999886e+02 -4.789999999999999858e+01
1.961999999999999886e+02 -9.150000000000000000e+01
1.924000000000000057e+02 -1.110999999999999943e+02
