1.901999999999999886e+02 6.189999999999999858e+01
2.026999999999999886e+02 1.055000000000000000e+02
2.460999999999999943e+02 7.059999999999999432e+01
2.375000000000000000e+02 6.590000000000000568e+01
1.999000000000000057e+02 7.000000000000000000e+00
2.349000000000000057e+02 8.199999999999999289e+00
2.530999999999999943e+02 -2.660000000000000142e+01
2.118000000000000114e+02 -7.290000000000000568e+01
1.973000000000000114e+02 -7.179999999999999716e+01
1.924000000000000057e+02 -1.110999999999999943e+02
