1.901999999999999886e+02 6.189999999999999858e+01
1.749000000000000057e+02 9.700000000000000000e+01
2.670000000000000000e+02 1.052000000000000028e+02
1.975000000000000000e+02 4.920000000000000284e+01
1.999000000000000057e+02 7.000000000000000000e+00
1.999000000000000057e+02 5.200000000000000178e+00
1.955999999999999943e+02 -4.160000000000000142e+01
2.191999999999999886e+02 -5.060000000000000142e+01
1.924000000000000057e+02 -8.170000000000000284e+01
1.924000000000000057e+02 -1.110999999999999943e+02
