1.901999999999999886e+02 6.189999999999999858e+01
1.781999999999999886e+02 9.079999999999999716e+01
2.323000000000000114e+02 9.379999999999999716e+01
2.314000000000000057e+02 5.560000000000000142e+01
2.193000000000000114e+02 9.599999999999999645e+00
2.000000000000000000e+02 3.500000000000000000e+00
2.086999999999999886e+02 -3.119999999999999929e+01
1.949000000000000057e+02 -4.500000000000000000e+01
2.029000000000000057e+02 -9.250000000000000000e+01
1.924000000000000057e+02 -1.110999999999999943e+02
