1.901999999999999886e+02 6.189999999999999858e+01
2.194000000000000057e+02 1.167000000000000028e+02
2.459000000000000057e+02 9.190000000000000568e+01
2.480999999999999943e+02 6.879999999999999716e+01
2.311999999999999886e+02 2.430000000000000071e+01
2.528000000000000114e+02 8.800000000000000711e+00
2.134000000000000057e+02 -3.000000000000000000e+01
2.621999999999999886e+02 -7.029999999999999716e+01
1.948000000000000114e+02 -7.279999999999999716e+01
1.924000000000000057e+02 -1.110999999999999943e+02
