1.901999999999999886e+02 6.189999999999999858e+01
1.825000000000000000e+02 8.900000000000000000e+01
2.480999999999999943e+02 1.052999999999999972e+02
2.551999999999999886e+02 7.320000000000000284e+01
2.101999999999999886e+02 1.100000000000000000e+01
1.999000000000000057e+02 7.000000000000000000e+00
2.185999999999999943e+02 -3.850000000000000000e+01
2.038000000000000114e+02 -5.650000000000000000e+01
2.130999999999999943e+02 -9.050000000000000000e+01
1.924000000000000057e+02 -1.110999999999999943e+02
