1.901999999999999886e+02 6.189999999999999858e+01
1.749000000000000057e+02 1.010000000000000000e+02
2.628000000000000114e+02 1.115999999999999943e+02
2.239000000000000057e+02 4.560000000000000142e+01
1.995000000000000000e+02 1.400000000000000000e+01
1.999000000000000057e+02 7.000000000000000000e+00
2.111999999999999886e+02 -3.720000000000000284e+01
2.289000000000000057e+02 -5.079999999999999716e+01
2.129000000000000057e+02 -9.700000000000000000e+01
1.924000000000000057e+02 -1.110999999999999943e+02
