1.901999999999999886e+02 6.189999999999999858e+01
1.943000000000000114e+02 1.010999999999999943e+02
2.369000000000000057e+02 9.570000000000000284e+01
2.533000000000000114e+02 7.259999999999999432e+01
2.316999999999999886e+02 1.209999999999999964e+01
1.999000000000000057e+02 7.000000000000000000e+00
1.980999999999999943e+02 -3.670000000000000284e+01
2.048000000000000114e+02 -5.300000000000000000e+01
2.050000000000000000e+02 -8.909999999999999432e+01
1.924000000000000057e+02 -1.110999999999999943e+02
