1.901999999999999886e+02 6.189999999999999858e+01
1.774000000000000057e+02 9.229999999999999716e+01
2.335000000000000000e+02 9.200000000000000000e+01
2.240999999999999943e+02 6.000000000000000000e+01
1.994000000000000057e+02 1.569999999999999929e+01
2.055000000000000000e+02 1.800000000000000044e+00
1.975000000000000000e+02 -3.130000000000000071e+01
1.890999999999999943e+02 -6.509999999999999432e+01
1.924000000000000057e+02 -7.770000000000000284e+01
1.924000000000000057e+02 -1.110999999999999943e+02
