1.901999999999999886e+02 6.189999999999999858e+01
2.104000000000000057e+02 1.215000000000000000e+02
2.268000000000000114e+02 6.720000000000000284e+01
2.370000000000000000e+02 6.790000000000000568e+01
1.999000000000000057e+02 7.000000000000000000e+00
2.104000000000000057e+02 7.299999999999999822e+00
2.630000000000000000e+02 -2.300000000000000000e+01
1.934000000000000057e+02 -6.659999999999999432e+01
2.325000000000000000e+02 -1.010999999999999943e+02
1.924000000000000057e+02 -1.110999999999999943e+02
