1.901999999999999886e+02 6.189999999999999858e+01
2.100000000000000000e+02 1.212000000000000028e+02
2.840000000000000000e+02 9.500000000000000000e+01
1.949000000000000057e+02 4.500000000000000000e+01
2.421999999999999886e+02 1.269999999999999929e+01
3.000000000000000000e+02 5.200000000000000178e+00
2.470999999999999943e+02 -2.600000000000000000e+01
2.861000000000000227e+02 -9.020000000000000284e+01
2.179000000000000057e+02 -9.700000000000000000e+01
1.924000000000000057e+02 -1.110999999999999943e+02
