1.901999999999999886e+02 6.189999999999999858e+01
1.879000000000000057e+02 1.085000000000000000e+02
2.470999999999999943e+02 9.000000000000000000e+01
2.723000000000000114e+02 6.289999999999999858e+01
2.161999999999999886e+02 1.889999999999999858e+01
2.520000000000000000e+02 4.400000000000000355e+00
2.255999999999999943e+02 -1.969999999999999929e+01
2.235999999999999943e+02 -5.989999999999999858e+01
1.890999999999999943e+02 -6.509999999999999432e+01
1.924000000000000057e+02 -1.110999999999999943e+02
