1.901999999999999886e+02 6.189999999999999858e+01
1.790000000000000000e+02 8.920000000000000284e+01
2.395999999999999943e+02 9.440000000000000568e+01
2.360999999999999943e+02 6.550000000000000000e+01
2.125000000000000000e+02 1.490000000000000036e+01
2.000000000000000000e+02 0.000000000000000000e+00
2.170999999999999943e+02 -3.239999999999999858e+01
1.890999999999999943e+02 -6.509999999999999432e+01
1.979000000000000057e+02 -7.600000000000000000e+01
1.924000000000000057e+02 -1.110999999999999943e+02
