1.901999999999999886e+02 6.189999999999999858e+01
1.871999999999999886e+02 9.950000000000000000e+01
2.449000000000000057e+02 1.039000000000000057e+02
2.424000000000000057e+02 6.500000000000000000e+01
2.356999999999999886e+02 1.240000000000000036e+01
2.000000000000000000e+02 3.500000000000000000e+00
1.960000000000000000e+02 -3.989999999999999858e+01
1.945999999999999943e+02 -5.220000000000000284e+01
2.070999999999999943e+02 -8.790000000000000568e+01
1.924000000000000057e+02 -1.110999999999999943e+02
