1.901999999999999886e+02 6.189999999999999858e+01
1.823000000000000114e+02 9.490000000000000568e+01
2.430000000000000000e+02 1.032000000000000028e+02
2.275000000000000000e+02 5.250000000000000000e+01
2.004000000000000057e+02 1.580000000000000071e+01
2.059000000000000057e+02 5.400000000000000355e+00
2.060000000000000000e+02 -3.820000000000000284e+01
1.931999999999999886e+02 -5.179999999999999716e+01
2.015999999999999943e+02 -8.559999999999999432e+01
1.924000000000000057e+02 -1.110999999999999943e+02
