1.954000000000000057e+02 4.270000000000000284e+01
1.884000000000000057e+02 9.809999999999999432e+01
2.588000000000000114e+02 1.039000000000000057e+02
2.745000000000000000e+02 7.870000000000000284e+01
2.905000000000000000e+02 2.100000000000000000e+01
2.723000000000000114e+02 -1.680000000000000071e+01
2.341999999999999886e+02 -2.419999999999999929e+01
2.633999999999999773e+02 -6.740000000000000568e+01
2.079000000000000057e+02 -9.709999999999999432e+01
1.753000000000000114e+02 -9.629999999999999716e+01
