1.901999999999999886e+02 6.189999999999999858e+01
1.929000000000000057e+02 9.620000000000000284e+01
2.384000000000000057e+02 9.870000000000000284e+01
2.491999999999999886e+02 6.679999999999999716e+01
1.995999999999999943e+02 1.219999999999999929e+01
1.999000000000000057e+02 7.000000000000000000e+00
2.498000000000000114e+02 -3.289999999999999858e+01
1.935999999999999943e+02 -6.100000000000000000e+01
2.019000000000000057e+02 -8.359999999999999432e+01
1.924000000000000057e+02 -1.110999999999999943e+02
