1.901999999999999886e+02 6.189999999999999858e+01
1.985999999999999943e+02 9.690000000000000568e+01
2.264000000000000057e+02 9.609999999999999432e+01
2.043000000000000114e+02 5.860000000000000142e+01
2.149000000000000057e+02 7.500000000000000000e+00
2.189000000000000057e+02 7.599999999999999645e+00
2.055999999999999943e+02 -3.439999999999999858e+01
2.033000000000000114e+02 -5.450000000000000000e+01
1.951999999999999886e+02 -8.900000000000000000e+01
1.924000000000000057e+02 -1.110999999999999943e+02
