1.901999999999999886e+02 6.189999999999999858e+01
2.009000000000000057e+02 1.024000000000000057e+02
2.283000000000000114e+02 9.690000000000000568e+01
2.346999999999999886e+02 6.289999999999999858e+01
2.231999999999999886e+02 1.169999999999999929e+01
2.000000000000000000e+02 1.699999999999999956e+00
1.980999999999999943e+02 -2.780000000000000071e+01
1.931999999999999886e+02 -5.179999999999999716e+01
2.129000000000000057e+02 -9.700000000000000000e+01
1.924000000000000057e+02 -1.110999999999999943e+02
