1.901999999999999886e+02 6.189999999999999858e+01
1.798000000000000114e+02 8.770000000000000284e+01
2.060000000000000000e+02 6.500000000000000000e+01
2.283000000000000114e+02 6.550000000000000000e+01
1.995000000000000000e+02 1.400000000000000000e+01
2.170000000000000000e+02 0.000000000000000000e+00
2.386999999999999886e+02 -3.350000000000000000e+01
1.918000000000000114e+02 -5.679999999999999716e+01
1.890999999999999943e+02 -6.509999999999999432e+01
1.924000000000000057e+02 -1.110999999999999943e+02
