1.901999999999999886e+02 6.189999999999999858e+01
1.941999999999999886e+02 1.055000000000000000e+02
2.300999999999999943e+02 9.770000000000000284e+01
2.300000000000000000e+02 5.520000000000000284e+01
2.131999999999999886e+02 1.869999999999999929e+01
1.999000000000000057e+02 7.000000000000000000e+00
2.074000000000000057e+02 -3.289999999999999858e+01
1.949000000000000057e+02 -4.500000000000000000e+01
1.834000000000000057e+02 -7.970000000000000284e+01
1.924000000000000057e+02 -1.110999999999999943e+02
