1.901999999999999886e+02 6.189999999999999858e+01
1.815000000000000000e+02 9.850000000000000000e+01
2.360999999999999943e+02 1.002000000000000028e+02
2.221999999999999886e+02 5.129999999999999716e+01
2.099000000000000057e+02 1.650000000000000000e+01
1.999000000000000057e+02 7.000000000000000000e+00
1.963000000000000114e+02 -3.820000000000000284e+01
2.019000000000000057e+02 -5.220000000000000284e+01
1.870999999999999943e+02 -8.129999999999999716e+01
1.924000000000000057e+02 -1.110999999999999943e+02
