1.901999999999999886e+02 6.189999999999999858e+01
1.924000000000000057e+02 1.067000000000000028e+02
2.365999999999999943e+02 1.004000000000000057e+02
2.265999999999999943e+02 5.650000000000000000e+01
2.081999999999999886e+02 1.819999999999999929e+01
1.999000000000000057e+02 5.200000000000000178e+00
2.005000000000000000e+02 -3.180000000000000071e+01
1.959000000000000057e+02 -4.700000000000000000e+01
1.898000000000000114e+02 -8.250000000000000000e+01
1.924000000000000057e+02 -1.110999999999999943e+02
