1.901999999999999886e+02 6.189999999999999858e+01
1.774000000000000057e+02 9.229999999999999716e+01
2.449000000000000057e+02 1.039000000000000057e+02
2.470000000000000000e+02 7.079999999999999716e+01
2.270999999999999943e+02 1.390000000000000036e+01
2.165000000000000000e+02 -1.899999999999999911e+00
1.963000000000000114e+02 -3.820000000000000284e+01
1.935999999999999943e+02 -5.010000000000000142e+01
2.064000000000000057e+02 -7.309999999999999432e+01
1.924000000000000057e+02 -1.110999999999999943e+02
