1.901999999999999886e+02 6.189999999999999858e+01
1.840000000000000000e+02 9.370000000000000284e+01
2.214000000000000057e+02 9.400000000000000000e+01
2.033000000000000114e+02 5.829999999999999716e+01
2.409000000000000057e+02 8.400000000000000355e+00
2.000000000000000000e+02 1.699999999999999956e+00
2.045000000000000000e+02 -2.869999999999999929e+01
1.935999999999999943e+02 -5.010000000000000142e+01
2.194000000000000057e+02 -9.090000000000000568e+01
1.924000000000000057e+02 -1.110999999999999943e+02
