2.044000000000000057e+02 1.180000000000000000e+02
2.206999999999999886e+02 1.075999999999999943e+02
2.014000000000000057e+02 7.929999999999999716e+01
2.723999999999999773e+02 5.050000000000000000e+01
2.116999999999999886e+02 1.850000000000000000e+01
2.490000000000000000e+02 -2.180000000000000071e+01
2.146999999999999886e+02 -4.560000000000000142e+01
2.530000000000000000e+02 -8.220000000000000284e+01
2.000000000000000000e+02 -6.890000000000000568e+01
2.345000000000000000e+02 -1.354000000000000057e+02
