1.901999999999999886e+02 6.189999999999999858e+01
1.765999999999999943e+02 9.390000000000000568e+01
2.716000000000000227e+02 7.790000000000000568e+01
2.154000000000000057e+02 5.770000000000000284e+01
1.999000000000000057e+02 7.000000000000000000e+00
2.185000000000000000e+02 1.899999999999999911e+00
2.335999999999999943e+02 -2.039999999999999858e+01
1.895999999999999943e+02 -6.529999999999999716e+01
1.860999999999999943e+02 -7.329999999999999716e+01
1.924000000000000057e+02 -1.110999999999999943e+02
