1.901999999999999886e+02 6.189999999999999858e+01
1.810000000000000000e+02 8.629999999999999716e+01
2.291999999999999886e+02 9.729999999999999716e+01
2.153000000000000114e+02 6.170000000000000284e+01
2.425000000000000000e+02 1.480000000000000071e+01
2.000000000000000000e+02 3.500000000000000000e+00
2.048000000000000114e+02 -4.170000000000000284e+01
2.036999999999999886e+02 -6.039999999999999858e+01
1.834000000000000057e+02 -7.970000000000000284e+01
1.924000000000000057e+02 -1.110999999999999943e+02
