1.901999999999999886e+02 6.189999999999999858e+01
1.805000000000000000e+02 8.609999999999999432e+01
2.581999999999999886e+02 1.095999999999999943e+02
1.945000000000000000e+02 4.670000000000000284e+01
2.096999999999999886e+02 2.760000000000000142e+01
2.000000000000000000e+02 3.500000000000000000e+00
1.975999999999999943e+02 -4.200000000000000000e+01
2.184000000000000057e+02 -7.520000000000000284e+01
2.153000000000000114e+02 -8.920000000000000284e+01
1.924000000000000057e+02 -1.110999999999999943e+02
