2.270999999999999943e+02 1.310999999999999943e+02
1.956999999999999886e+02 1.049000000000000057e+02
1.966999999999999886e+02 7.700000000000000000e+01
2.595000000000000000e+02 5.660000000000000142e+01
2.148000000000000114e+02 2.189999999999999858e+01
2.310000000000000000e+02 -1.409999999999999964e+01
2.325999999999999943e+02 -2.050000000000000000e+01
2.458000000000000114e+02 -5.650000000000000000e+01
2.510000000000000000e+02 -9.929999999999999716e+01
2.326999999999999886e+02 -1.344000000000000057e+02
