1.901999999999999886e+02 6.189999999999999858e+01
1.758000000000000114e+02 9.540000000000000568e+01
2.480999999999999943e+02 1.052999999999999972e+02
2.126999999999999886e+02 3.750000000000000000e+01
2.245000000000000000e+02 1.569999999999999929e+01
1.999000000000000057e+02 7.000000000000000000e+00
1.963000000000000114e+02 -3.820000000000000284e+01
2.131999999999999886e+02 -4.529999999999999716e+01
2.135000000000000000e+02 -1.040999999999999943e+02
1.924000000000000057e+02 -1.110999999999999943e+02
