1.901999999999999886e+02 6.189999999999999858e+01
1.875999999999999943e+02 1.019000000000000057e+02
2.435000000000000000e+02 1.032999999999999972e+02
2.056999999999999886e+02 5.129999999999999716e+01
2.123000000000000114e+02 1.669999999999999929e+01
2.094000000000000057e+02 7.299999999999999822e+00
1.966999999999999886e+02 -3.639999999999999858e+01
1.945000000000000000e+02 -4.670000000000000284e+01
2.001999999999999886e+02 -8.500000000000000000e+01
1.924000000000000057e+02 -1.110999999999999943e+02
