1.901999999999999886e+02 6.189999999999999858e+01
1.880999999999999943e+02 1.000000000000000000e+02
2.448000000000000114e+02 1.014000000000000057e+02
2.144000000000000057e+02 5.350000000000000000e+01
1.995000000000000000e+02 1.400000000000000000e+01
1.999000000000000057e+02 5.200000000000000178e+00
2.041999999999999886e+02 -3.970000000000000284e+01
2.033000000000000114e+02 -5.070000000000000284e+01
1.850000000000000000e+02 -7.850000000000000000e+01
1.924000000000000057e+02 -1.110999999999999943e+02
