1.901999999999999886e+02 6.189999999999999858e+01
2.200000000000000000e+02 1.145000000000000000e+02
2.380000000000000000e+02 7.500000000000000000e+01
2.260999999999999943e+02 5.850000000000000000e+01
1.995000000000000000e+02 1.400000000000000000e+01
2.095000000000000000e+02 3.700000000000000178e+00
2.823999999999999773e+02 -2.469999999999999929e+01
2.301999999999999886e+02 -7.929999999999999716e+01
1.871999999999999886e+02 -7.190000000000000568e+01
1.924000000000000057e+02 -1.110999999999999943e+02
