1.901999999999999886e+02 6.189999999999999858e+01
1.731999999999999886e+02 1.000000000000000000e+02
2.343000000000000114e+02 9.000000000000000000e+01
2.146999999999999886e+02 3.789999999999999858e+01
1.995999999999999943e+02 1.219999999999999929e+01
2.179000000000000057e+02 5.700000000000000178e+00
1.984000000000000057e+02 -4.039999999999999858e+01
2.289000000000000057e+02 -4.870000000000000284e+01
2.143000000000000114e+02 -9.770000000000000284e+01
1.924000000000000057e+02 -1.110999999999999943e+02
