1.901999999999999886e+02 6.189999999999999858e+01
2.285000000000000000e+02 1.293000000000000114e+02
2.460999999999999943e+02 7.059999999999999432e+01
2.186999999999999886e+02 6.270000000000000284e+01
1.999000000000000057e+02 7.000000000000000000e+00
2.580000000000000000e+02 -2.299999999999999822e+00
2.220999999999999943e+02 -2.919999999999999929e+01
2.446999999999999886e+02 -8.190000000000000568e+01
2.215000000000000000e+02 -8.279999999999999716e+01
1.924000000000000057e+02 -1.110999999999999943e+02
