1.901999999999999886e+02 6.189999999999999858e+01
1.749000000000000057e+02 9.700000000000000000e+01
2.513000000000000114e+02 1.067000000000000028e+02
2.075999999999999943e+02 5.950000000000000000e+01
1.995000000000000000e+02 1.400000000000000000e+01
1.999000000000000057e+02 7.000000000000000000e+00
1.985000000000000000e+02 -2.439999999999999858e+01
1.896999999999999886e+02 -6.350000000000000000e+01
1.866999999999999886e+02 -7.170000000000000284e+01
1.924000000000000057e+02 -1.110999999999999943e+02
