1.901999999999999886e+02 6.189999999999999858e+01
1.749000000000000057e+02 9.700000000000000000e+01
2.340999999999999943e+02 7.379999999999999716e+01
2.269000000000000057e+02 6.509999999999999432e+01
2.996000000000000227e+02 1.569999999999999929e+01
2.209000000000000057e+02 7.700000000000000178e+00
2.120999999999999943e+02 -2.419999999999999929e+01
1.931999999999999886e+02 -5.179999999999999716e+01
2.234000000000000057e+02 -7.909999999999999432e+01
1.924000000000000057e+02 -1.110999999999999943e+02
