1.901999999999999886e+02 6.189999999999999858e+01
1.863000000000000114e+02 1.032999999999999972e+02
2.656000000000000227e+02 1.127000000000000028e+02
2.250999999999999943e+02 5.400000000000000000e+01
1.990999999999999943e+02 1.919999999999999929e+01
2.000000000000000000e+02 -0.000000000000000000e+00
2.009000000000000057e+02 -4.089999999999999858e+01
1.896999999999999886e+02 -6.350000000000000000e+01
1.925999999999999943e+02 -7.590000000000000568e+01
1.924000000000000057e+02 -1.110999999999999943e+02
