1.901999999999999886e+02 6.189999999999999858e+01
1.915999999999999943e+02 1.040000000000000000e+02
2.490000000000000000e+02 1.057000000000000028e+02
2.275000000000000000e+02 6.100000000000000000e+01
2.274000000000000057e+02 7.900000000000000355e+00
1.999000000000000057e+02 7.000000000000000000e+00
2.014000000000000057e+02 -3.550000000000000000e+01
1.945000000000000000e+02 -4.670000000000000284e+01
2.035999999999999943e+02 -8.850000000000000000e+01
1.924000000000000057e+02 -1.110999999999999943e+02
