1.740999999999999943e+02 1.005000000000000000e+02
2.288000000000000114e+02 1.190999999999999943e+02
2.413000000000000114e+02 9.259999999999999432e+01
2.450000000000000000e+02 6.110000000000000142e+01
2.688000000000000114e+02 2.589999999999999858e+01
1.999000000000000057e+02 7.000000000000000000e+00
2.376999999999999886e+02 -3.339999999999999858e+01
2.464000000000000057e+02 -6.370000000000000284e+01
1.840999999999999943e+02 -7.809999999999999432e+01
2.525000000000000000e+02 -1.458000000000000114e+02
