1.901999999999999886e+02 6.189999999999999858e+01
2.125000000000000000e+02 1.082999999999999972e+02
2.513000000000000114e+02 1.067000000000000028e+02
2.605000000000000000e+02 7.470000000000000284e+01
2.423000000000000114e+02 1.059999999999999964e+01
2.000000000000000000e+02 3.500000000000000000e+00
2.205999999999999943e+02 -3.300000000000000000e+01
1.935999999999999943e+02 -5.010000000000000142e+01
1.875999999999999943e+02 -7.200000000000000000e+01
1.924000000000000057e+02 -1.110999999999999943e+02
