1.901999999999999886e+02 6.189999999999999858e+01
1.783000000000000114e+02 9.279999999999999716e+01
2.451999999999999886e+02 9.909999999999999432e+01
2.436999999999999886e+02 6.990000000000000568e+01
2.353000000000000114e+02 1.030000000000000071e+01
2.119000000000000057e+02 5.500000000000000000e+00
1.963000000000000114e+02 -3.820000000000000284e+01
1.949000000000000057e+02 -4.500000000000000000e+01
1.900000000000000000e+02 -8.459999999999999432e+01
1.924000000000000057e+02 -1.110999999999999943e+02
