1.901999999999999886e+02 6.189999999999999858e+01
1.790000000000000000e+02 8.920000000000000284e+01
2.378000000000000114e+02 9.609999999999999432e+01
2.381999999999999886e+02 5.500000000000000000e+01
2.173000000000000114e+02 2.280000000000000071e+01
1.999000000000000057e+02 5.200000000000000178e+00
1.955999999999999943e+02 -4.160000000000000142e+01
1.950999999999999943e+02 -5.229999999999999716e+01
1.975000000000000000e+02 -9.000000000000000000e+01
1.924000000000000057e+02 -1.110999999999999943e+02
