1.901999999999999886e+02 6.189999999999999858e+01
1.940000000000000000e+02 1.120000000000000000e+02
2.868999999999999773e+02 8.229999999999999716e+01
2.338000000000000114e+02 6.260000000000000142e+01
2.424000000000000057e+02 8.500000000000000000e+00
2.210000000000000000e+02 0.000000000000000000e+00
2.391999999999999886e+02 -2.510000000000000142e+01
2.118000000000000114e+02 -7.290000000000000568e+01
1.890999999999999943e+02 -6.509999999999999432e+01
1.924000000000000057e+02 -1.110999999999999943e+02
