1.901999999999999886e+02 6.189999999999999858e+01
1.783000000000000114e+02 9.279999999999999716e+01
2.355999999999999943e+02 9.759999999999999432e+01
2.360999999999999943e+02 6.550000000000000000e+01
2.125000000000000000e+02 1.490000000000000036e+01
2.059000000000000057e+02 7.200000000000000178e+00
1.970000000000000000e+02 -3.470000000000000284e+01
1.931999999999999886e+02 -5.179999999999999716e+01
1.985000000000000000e+02 -8.629999999999999716e+01
1.924000000000000057e+02 -1.110999999999999943e+02
