1.901999999999999886e+02 6.189999999999999858e+01
1.731999999999999886e+02 1.000000000000000000e+02
2.641999999999999886e+02 1.120999999999999943e+02
1.975999999999999943e+02 4.200000000000000000e+01
1.995000000000000000e+02 1.400000000000000000e+01
1.999000000000000057e+02 5.200000000000000178e+00
1.955999999999999943e+02 -4.160000000000000142e+01
2.184000000000000057e+02 -6.890000000000000568e+01
2.000000000000000000e+02 -6.890000000000000568e+01
1.924000000000000057e+02 -1.110999999999999943e+02
