1.901999999999999886e+02 6.189999999999999858e+01
1.866999999999999886e+02 9.720000000000000284e+01
2.576999999999999886e+02 1.094000000000000057e+02
2.250999999999999943e+02 5.400000000000000000e+01
1.995000000000000000e+02 1.400000000000000000e+01
2.059000000000000057e+02 7.200000000000000178e+00
1.994000000000000057e+02 -3.520000000000000284e+01
1.993000000000000114e+02 -4.789999999999999858e+01
1.970000000000000000e+02 -8.359999999999999432e+01
1.924000000000000057e+02 -1.110999999999999943e+02
