2.586999999999999886e+02 1.493000000000000114e+02
2.400999999999999943e+02 1.145000000000000000e+02
2.050999999999999943e+02 6.270000000000000284e+01
2.100000000000000000e+02 6.020000000000000284e+01
2.346999999999999886e+02 2.880000000000000071e+01
2.608000000000000114e+02 9.099999999999999645e+00
1.963000000000000114e+02 -3.820000000000000284e+01
2.361999999999999886e+02 -7.220000000000000284e+01
1.966999999999999886e+02 -8.550000000000000000e+01
2.626000000000000227e+02 -1.450000000000000000e+02
