2.270999999999999943e+02 1.310999999999999943e+02
2.090999999999999943e+02 1.207000000000000028e+02
1.984000000000000057e+02 8.420000000000000284e+01
2.409000000000000057e+02 6.679999999999999716e+01
2.195999999999999943e+02 3.279999999999999716e+01
2.559000000000000057e+02 -1.789999999999999858e+01
1.986999999999999886e+02 -2.260000000000000142e+01
2.676999999999999886e+02 -6.920000000000000284e+01
2.818999999999999773e+02 -1.025999999999999943e+02
2.326999999999999886e+02 -1.344000000000000057e+02
