1.901999999999999886e+02 6.189999999999999858e+01
1.823000000000000114e+02 9.490000000000000568e+01
2.393000000000000114e+02 1.015999999999999943e+02
2.463000000000000114e+02 6.600000000000000000e+01
2.225000000000000000e+02 1.559999999999999964e+01
2.104000000000000057e+02 7.299999999999999822e+00
2.210999999999999943e+02 -2.910000000000000142e+01
1.925000000000000000e+02 -6.440000000000000568e+01
1.890999999999999943e+02 -6.509999999999999432e+01
1.924000000000000057e+02 -1.110999999999999943e+02
