1.901999999999999886e+02 6.189999999999999858e+01
2.080000000000000000e+02 1.177000000000000028e+02
2.581999999999999886e+02 7.890000000000000568e+01
2.346999999999999886e+02 6.289999999999999858e+01
1.999000000000000057e+02 7.000000000000000000e+00
2.039000000000000057e+02 7.099999999999999645e+00
2.320000000000000000e+02 -3.050000000000000000e+01
2.418000000000000114e+02 -8.090000000000000568e+01
1.908000000000000114e+02 -6.940000000000000568e+01
1.924000000000000057e+02 -1.110999999999999943e+02
