1.901999999999999886e+02 6.189999999999999858e+01
1.805999999999999943e+02 9.600000000000000000e+01
2.781999999999999886e+02 1.124000000000000057e+02
2.085999999999999943e+02 5.400000000000000000e+01
2.434000000000000057e+02 2.339999999999999858e+01
2.159000000000000057e+02 5.700000000000000178e+00
2.805000000000000000e+02 -4.439999999999999858e+01
1.945000000000000000e+02 -4.670000000000000284e+01
2.149000000000000057e+02 -8.470000000000000284e+01
1.924000000000000057e+02 -1.110999999999999943e+02
