1.901999999999999886e+02 6.189999999999999858e+01
1.749000000000000057e+02 9.700000000000000000e+01
2.375000000000000000e+02 1.007999999999999972e+02
2.391999999999999886e+02 5.960000000000000142e+01
1.995999999999999943e+02 1.219999999999999929e+01
2.104000000000000057e+02 5.500000000000000000e+00
2.075999999999999943e+02 -3.470000000000000284e+01
2.009000000000000057e+02 -5.010000000000000142e+01
1.840999999999999943e+02 -7.809999999999999432e+01
1.924000000000000057e+02 -1.110999999999999943e+02
