2.293000000000000114e+02 1.324000000000000057e+02
1.758000000000000114e+02 9.540000000000000568e+01
2.481999999999999886e+02 8.070000000000000284e+01
2.211999999999999886e+02 5.520000000000000284e+01
2.116999999999999886e+02 1.850000000000000000e+01
2.603999999999999773e+02 -6.799999999999999822e+00
1.985000000000000000e+02 -2.439999999999999858e+01
2.781999999999999886e+02 -7.450000000000000000e+01
1.834000000000000057e+02 -7.970000000000000284e+01
1.969000000000000057e+02 -3.500000000000000000e+01
