2.270999999999999943e+02 1.310999999999999943e+02
2.151999999999999886e+02 1.095999999999999943e+02
2.035999999999999943e+02 7.209999999999999432e+01
2.771000000000000227e+02 6.650000000000000000e+01
1.995000000000000000e+02 2.800000000000000000e+01
2.305999999999999943e+02 -2.019999999999999929e+01
1.986999999999999886e+02 -2.260000000000000142e+01
2.476999999999999886e+02 -6.870000000000000284e+01
2.450999999999999943e+02 -8.679999999999999716e+01
2.326999999999999886e+02 -1.344000000000000057e+02
