1.901999999999999886e+02 6.189999999999999858e+01
1.884000000000000057e+02 9.390000000000000568e+01
2.490000000000000000e+02 1.030999999999999943e+02
2.375999999999999943e+02 6.370000000000000284e+01
2.241999999999999886e+02 1.169999999999999929e+01
2.000000000000000000e+02 3.500000000000000000e+00
1.975000000000000000e+02 -3.130000000000000071e+01
1.975000000000000000e+02 -5.110000000000000142e+01
1.949000000000000057e+02 -8.470000000000000284e+01
1.924000000000000057e+02 -1.110999999999999943e+02
