1.901999999999999886e+02 6.189999999999999858e+01
1.831999999999999886e+02 1.057000000000000028e+02
2.389000000000000057e+02 6.850000000000000000e+01
2.330999999999999943e+02 6.679999999999999716e+01
1.999000000000000057e+02 7.000000000000000000e+00
1.999000000000000057e+02 7.000000000000000000e+00
2.863999999999999773e+02 -2.510000000000000142e+01
2.059000000000000057e+02 -6.690000000000000568e+01
2.296999999999999886e+02 -1.070999999999999943e+02
1.924000000000000057e+02 -1.110999999999999943e+02
