1.901999999999999886e+02 6.189999999999999858e+01
1.810000000000000000e+02 1.024000000000000057e+02
2.488000000000000114e+02 9.550000000000000000e+01
1.926999999999999886e+02 5.339999999999999858e+01
2.470999999999999943e+02 2.600000000000000000e+01
2.009000000000000057e+02 7.000000000000000000e+00
1.973000000000000114e+02 -3.300000000000000000e+01
2.113000000000000114e+02 -7.279999999999999716e+01
1.978000000000000114e+02 -8.809999999999999432e+01
1.924000000000000057e+02 -1.110999999999999943e+02
