1.901999999999999886e+02 6.189999999999999858e+01
1.749000000000000057e+02 9.700000000000000000e+01
2.503000000000000114e+02 1.010999999999999943e+02
2.260999999999999943e+02 5.850000000000000000e+01
1.999000000000000057e+02 7.000000000000000000e+00
1.999000000000000057e+02 5.200000000000000178e+00
2.091999999999999886e+02 -2.750000000000000000e+01
2.063000000000000114e+02 -6.900000000000000000e+01
1.873000000000000114e+02 -7.000000000000000000e+01
1.924000000000000057e+02 -1.110999999999999943e+02
