1.901999999999999886e+02 6.189999999999999858e+01
1.933000000000000114e+02 9.640000000000000568e+01
2.085000000000000000e+02 8.850000000000000000e+01
2.550000000000000000e+02 6.829999999999999716e+01
2.324000000000000057e+02 8.099999999999999645e+00
2.000000000000000000e+02 -3.500000000000000000e+00
2.205999999999999943e+02 -3.300000000000000000e+01
1.935999999999999943e+02 -5.010000000000000142e+01
1.954000000000000057e+02 -8.090000000000000568e+01
1.924000000000000057e+02 -1.110999999999999943e+02
