2.450999999999999943e+02 1.415000000000000000e+02
2.035999999999999943e+02 8.850000000000000000e+01
1.840999999999999943e+02 7.809999999999999432e+01
2.074000000000000057e+02 4.410000000000000142e+01
2.553000000000000114e+02 2.460000000000000142e+01
2.064000000000000057e+02 7.200000000000000178e+00
2.933999999999999773e+02 -6.239999999999999858e+01
2.301999999999999886e+02 -7.479999999999999716e+01
2.673999999999999773e+02 -1.000000000000000000e+02
2.311999999999999886e+02 -1.335000000000000000e+02
