1.901999999999999886e+02 6.189999999999999858e+01
1.805000000000000000e+02 8.609999999999999432e+01
2.703000000000000114e+02 1.092000000000000028e+02
2.048000000000000114e+02 5.300000000000000000e+01
2.290999999999999943e+02 1.400000000000000000e+01
2.000000000000000000e+02 -1.699999999999999956e+00
1.995000000000000000e+02 -4.239999999999999858e+01
1.923000000000000114e+02 -5.510000000000000142e+01
2.220000000000000000e+02 -7.859999999999999432e+01
1.924000000000000057e+02 -1.110999999999999943e+02
