1.901999999999999886e+02 6.189999999999999858e+01
1.989000000000000057e+02 1.125000000000000000e+02
1.970000000000000000e+02 7.559999999999999432e+01
1.945000000000000000e+02 4.670000000000000284e+01
2.223000000000000114e+02 1.750000000000000000e+01
1.999000000000000057e+02 5.200000000000000178e+00
1.955999999999999943e+02 -4.160000000000000142e+01
1.913000000000000114e+02 -5.850000000000000000e+01
1.848000000000000114e+02 -7.650000000000000000e+01
1.924000000000000057e+02 -1.110999999999999943e+02
