2.044000000000000057e+02 1.180000000000000000e+02
2.681000000000000227e+02 1.194000000000000057e+02
2.726000000000000227e+02 1.100999999999999943e+02
1.999000000000000057e+02 5.729999999999999716e+01
2.399000000000000057e+02 2.310000000000000142e+01
2.494000000000000057e+02 -1.739999999999999858e+01
2.260000000000000000e+02 -3.989999999999999858e+01
2.663999999999999773e+02 -7.390000000000000568e+01
2.155999999999999943e+02 -9.600000000000000000e+01
2.345000000000000000e+02 -1.354000000000000057e+02
