1.901999999999999886e+02 6.189999999999999858e+01
1.940999999999999943e+02 1.097999999999999972e+02
2.883999999999999773e+02 8.270000000000000284e+01
2.014000000000000057e+02 5.770000000000000284e+01
2.434000000000000057e+02 8.500000000000000000e+00
2.741000000000000227e+02 -1.440000000000000036e+01
2.873999999999999773e+02 -2.510000000000000142e+01
2.311999999999999886e+02 -7.959999999999999432e+01
2.219000000000000057e+02 -9.650000000000000000e+01
1.924000000000000057e+02 -1.110999999999999943e+02
