1.901999999999999886e+02 6.189999999999999858e+01
1.919000000000000057e+02 1.085999999999999943e+02
2.439000000000000057e+02 1.010000000000000000e+02
2.169000000000000057e+02 5.810000000000000142e+01
1.991999999999999886e+02 1.739999999999999858e+01
2.104000000000000057e+02 7.299999999999999822e+00
1.973000000000000114e+02 -3.300000000000000000e+01
1.999000000000000057e+02 -5.360000000000000142e+01
1.924000000000000057e+02 -8.170000000000000284e+01
1.924000000000000057e+02 -1.110999999999999943e+02
