1.901999999999999886e+02 6.189999999999999858e+01
1.765999999999999943e+02 9.390000000000000568e+01
2.545000000000000000e+02 1.054000000000000057e+02
2.326999999999999886e+02 6.450000000000000000e+01
1.996999999999999886e+02 1.050000000000000000e+01
1.999000000000000057e+02 5.200000000000000178e+00
2.215000000000000000e+02 -3.310000000000000142e+01
1.918000000000000114e+02 -5.679999999999999716e+01
1.873000000000000114e+02 -7.000000000000000000e+01
1.924000000000000057e+02 -1.110999999999999943e+02
