1.901999999999999886e+02 6.189999999999999858e+01
1.820000000000000000e+02 8.290000000000000568e+01
2.146999999999999886e+02 8.240000000000000568e+01
2.269000000000000057e+02 6.509999999999999432e+01
2.150999999999999943e+02 1.319999999999999929e+01
2.260000000000000000e+02 -0.000000000000000000e+00
2.309000000000000057e+02 -3.450000000000000000e+01
2.144000000000000057e+02 -5.550000000000000000e+01
2.075000000000000000e+02 -9.459999999999999432e+01
1.924000000000000057e+02 -1.110999999999999943e+02
