1.901999999999999886e+02 6.189999999999999858e+01
1.845000000000000000e+02 9.809999999999999432e+01
2.379000000000000057e+02 9.850000000000000000e+01
2.159000000000000057e+02 5.779999999999999716e+01
2.141999999999999886e+02 1.119999999999999929e+01
2.059000000000000057e+02 7.200000000000000178e+00
1.970000000000000000e+02 -3.470000000000000284e+01
1.935999999999999943e+02 -5.010000000000000142e+01
1.834000000000000057e+02 -7.970000000000000284e+01
1.924000000000000057e+02 -1.110999999999999943e+02
