1.901999999999999886e+02 6.189999999999999858e+01
1.875999999999999943e+02 9.559999999999999432e+01
2.310000000000000000e+02 9.570000000000000284e+01
2.234000000000000057e+02 4.550000000000000000e+01
2.069000000000000057e+02 2.539999999999999858e+01
2.039000000000000057e+02 5.299999999999999822e+00
2.038000000000000114e+02 -4.150000000000000000e+01
1.896999999999999886e+02 -6.350000000000000000e+01
1.943000000000000114e+02 -8.850000000000000000e+01
1.924000000000000057e+02 -1.110999999999999943e+02
