1.901999999999999886e+02 6.189999999999999858e+01
1.774000000000000057e+02 9.229999999999999716e+01
2.193000000000000114e+02 8.859999999999999432e+01
2.081999999999999886e+02 5.579999999999999716e+01
2.060999999999999943e+02 1.259999999999999964e+01
2.074000000000000057e+02 7.200000000000000178e+00
1.978000000000000114e+02 -2.960000000000000142e+01
1.929000000000000057e+02 -6.640000000000000568e+01
2.016999999999999886e+02 -7.740000000000000568e+01
1.924000000000000057e+02 -1.110999999999999943e+02
