2.450999999999999943e+02 1.415000000000000000e+02
2.486999999999999886e+02 1.185999999999999943e+02
1.848000000000000114e+02 7.650000000000000000e+01
1.923000000000000114e+02 5.510000000000000142e+01
2.998000000000000114e+02 1.050000000000000000e+01
2.550000000000000000e+02 2.200000000000000178e+00
2.966999999999999886e+02 -4.429999999999999716e+01
2.288000000000000114e+02 -7.879999999999999716e+01
2.695000000000000000e+02 -9.279999999999999716e+01
2.311999999999999886e+02 -1.335000000000000000e+02
