1.901999999999999886e+02 6.189999999999999858e+01
1.775000000000000000e+02 1.025000000000000000e+02
2.646000000000000227e+02 1.122999999999999972e+02
2.026999999999999886e+02 3.939999999999999858e+01
1.994000000000000057e+02 1.569999999999999929e+01
2.014000000000000057e+02 5.299999999999999822e+00
2.060999999999999943e+02 -4.010000000000000142e+01
2.420999999999999943e+02 -5.150000000000000000e+01
2.080000000000000000e+02 -9.920000000000000284e+01
1.924000000000000057e+02 -1.110999999999999943e+02
