1.901999999999999886e+02 6.189999999999999858e+01
1.859000000000000057e+02 9.879999999999999716e+01
2.389000000000000057e+02 1.014000000000000057e+02
2.355999999999999943e+02 6.529999999999999716e+01
2.318000000000000114e+02 1.009999999999999964e+01
1.999000000000000057e+02 5.200000000000000178e+00
1.978000000000000114e+02 -2.960000000000000142e+01
1.960000000000000000e+02 -5.070000000000000284e+01
2.021999999999999886e+02 -8.790000000000000568e+01
1.924000000000000057e+02 -1.110999999999999943e+02
