1.901999999999999886e+02 6.189999999999999858e+01
1.854000000000000057e+02 1.027999999999999972e+02
2.449000000000000057e+02 1.039000000000000057e+02
2.201999999999999886e+02 5.900000000000000000e+01
1.990999999999999943e+02 1.919999999999999929e+01
2.075000000000000000e+02 3.600000000000000089e+00
1.979000000000000057e+02 -3.489999999999999858e+01
1.935999999999999943e+02 -5.010000000000000142e+01
1.973000000000000114e+02 -8.790000000000000568e+01
1.924000000000000057e+02 -1.110999999999999943e+02
