1.901999999999999886e+02 6.189999999999999858e+01
1.798000000000000114e+02 8.770000000000000284e+01
2.159000000000000057e+02 9.159999999999999432e+01
2.061999999999999886e+02 5.329999999999999716e+01
2.090999999999999943e+02 1.280000000000000071e+01
2.010000000000000000e+02 -1.800000000000000044e+00
1.970000000000000000e+02 -3.470000000000000284e+01
1.980999999999999943e+02 -6.820000000000000284e+01
2.138000000000000114e+02 -8.209999999999999432e+01
1.924000000000000057e+02 -1.110999999999999943e+02
