1.901999999999999886e+02 6.189999999999999858e+01
1.798000000000000114e+02 8.770000000000000284e+01
2.750000000000000000e+02 9.200000000000000000e+01
1.950999999999999943e+02 5.600000000000000000e+01
1.991999999999999886e+02 1.739999999999999858e+01
2.740000000000000000e+02 -2.399999999999999911e+00
2.611000000000000227e+02 -3.900000000000000000e+01
1.890999999999999943e+02 -6.509999999999999432e+01
1.848000000000000114e+02 -7.650000000000000000e+01
1.924000000000000057e+02 -1.110999999999999943e+02
