1.901999999999999886e+02 6.189999999999999858e+01
1.975999999999999943e+02 1.117999999999999972e+02
2.225000000000000000e+02 8.320000000000000284e+01
2.043000000000000114e+02 3.600000000000000000e+01
1.995999999999999943e+02 1.219999999999999929e+01
2.045000000000000000e+02 0.000000000000000000e+00
2.079000000000000057e+02 -4.420000000000000284e+01
2.264000000000000057e+02 -4.810000000000000142e+01
1.829000000000000057e+02 -8.920000000000000284e+01
1.924000000000000057e+02 -1.110999999999999943e+02
