1.901999999999999886e+02 6.189999999999999858e+01
1.888000000000000114e+02 1.090000000000000000e+02
2.215999999999999943e+02 7.200000000000000000e+01
2.470000000000000000e+02 7.079999999999999716e+01
2.069000000000000057e+02 7.200000000000000178e+00
1.999000000000000057e+02 7.000000000000000000e+00
2.868000000000000114e+02 -3.520000000000000284e+01
2.065999999999999943e+02 -7.109999999999999432e+01
2.054000000000000057e+02 -8.300000000000000000e+01
1.924000000000000057e+02 -1.110999999999999943e+02
