1.901999999999999886e+02 6.189999999999999858e+01
2.381999999999999886e+02 1.375000000000000000e+02
1.955999999999999943e+02 5.979999999999999716e+01
2.140000000000000000e+02 5.729999999999999716e+01
2.319000000000000057e+02 8.099999999999999645e+00
1.999000000000000057e+02 7.000000000000000000e+00
2.796000000000000227e+02 -3.679999999999999716e+01
2.121999999999999886e+02 -6.690000000000000568e+01
2.550000000000000000e+02 -1.030000000000000000e+02
1.924000000000000057e+02 -1.110999999999999943e+02
