1.901999999999999886e+02 6.189999999999999858e+01
1.911999999999999886e+02 9.950000000000000000e+01
2.458000000000000114e+02 1.017999999999999972e+02
2.260000000000000000e+02 6.270000000000000284e+01
2.384000000000000057e+02 8.300000000000000711e+00
2.000000000000000000e+02 1.699999999999999956e+00
1.973000000000000114e+02 -3.300000000000000000e+01
1.931999999999999886e+02 -5.179999999999999716e+01
1.955000000000000000e+02 -8.700000000000000000e+01
1.924000000000000057e+02 -1.110999999999999943e+02
