1.885000000000000000e+02 1.087999999999999972e+02
2.661000000000000227e+02 1.385000000000000000e+02
2.826000000000000227e+02 8.100000000000000000e+01
2.963000000000000114e+02 4.689999999999999858e+01
1.983000000000000114e+02 2.610000000000000142e+01
1.999000000000000057e+02 -7.000000000000000000e+00
2.150999999999999943e+02 -2.830000000000000071e+01
2.841000000000000227e+02 -6.300000000000000000e+01
2.275999999999999943e+02 -8.509999999999999432e+01
1.906999999999999886e+02 -6.039999999999999858e+01
