1.901999999999999886e+02 6.189999999999999858e+01
1.815000000000000000e+02 9.850000000000000000e+01
2.471999999999999886e+02 1.049000000000000057e+02
2.285000000000000000e+02 5.910000000000000142e+01
2.111999999999999886e+02 1.850000000000000000e+01
2.000000000000000000e+02 3.500000000000000000e+00
2.039000000000000057e+02 -3.589999999999999858e+01
2.014000000000000057e+02 -5.400000000000000000e+01
1.826999999999999886e+02 -8.129999999999999716e+01
1.924000000000000057e+02 -1.110999999999999943e+02
