1.901999999999999886e+02 6.189999999999999858e+01
1.805000000000000000e+02 8.609999999999999432e+01
2.235999999999999943e+02 8.579999999999999716e+01
2.430999999999999943e+02 6.060000000000000142e+01
1.995999999999999943e+02 1.219999999999999929e+01
2.345000000000000000e+02 4.099999999999999645e+00
2.174000000000000057e+02 -3.050000000000000000e+01
1.923000000000000114e+02 -5.510000000000000142e+01
1.813000000000000114e+02 -8.450000000000000000e+01
1.924000000000000057e+02 -1.110999999999999943e+02
