1.901999999999999886e+02 6.189999999999999858e+01
1.810000000000000000e+02 9.620000000000000284e+01
2.343000000000000114e+02 9.940000000000000568e+01
2.503000000000000114e+02 6.470000000000000284e+01
2.220999999999999943e+02 1.359999999999999964e+01
2.009000000000000057e+02 7.000000000000000000e+00
2.036999999999999886e+02 -3.410000000000000142e+01
2.095999999999999943e+02 -5.620000000000000284e+01
1.861999999999999886e+02 -8.090000000000000568e+01
1.924000000000000057e+02 -1.110999999999999943e+02
