1.920000000000000000e+02 5.589999999999999858e+01
2.250999999999999943e+02 1.102999999999999972e+02
2.071999999999999886e+02 7.090000000000000568e+01
2.103000000000000114e+02 3.910000000000000142e+01
2.473000000000000114e+02 2.110000000000000142e+01
2.843000000000000114e+02 -1.739999999999999858e+01
2.368000000000000114e+02 -3.100000000000000000e+01
2.450999999999999943e+02 -6.210000000000000142e+01
2.330000000000000000e+02 -1.065000000000000000e+02
2.763000000000000114e+02 -1.167999999999999972e+02
