1.901999999999999886e+02 6.189999999999999858e+01
2.030999999999999943e+02 9.690000000000000568e+01
2.543000000000000114e+02 8.759999999999999432e+01
2.350999999999999943e+02 6.520000000000000284e+01
2.603000000000000114e+02 2.510000000000000142e+01
2.830000000000000000e+02 -2.500000000000000000e+00
2.311999999999999886e+02 -4.489999999999999858e+01
1.906999999999999886e+02 -6.010000000000000142e+01
2.605000000000000000e+02 -1.000000000000000000e+02
1.924000000000000057e+02 -1.110999999999999943e+02
