1.901999999999999886e+02 6.189999999999999858e+01
2.005999999999999943e+02 1.135000000000000000e+02
2.215999999999999943e+02 6.350000000000000000e+01
2.583000000000000114e+02 7.159999999999999432e+01
2.246999999999999886e+02 1.180000000000000071e+01
2.384000000000000057e+02 8.300000000000000711e+00
2.475999999999999943e+02 -2.169999999999999929e+01
2.109000000000000057e+02 -7.259999999999999432e+01
2.591000000000000227e+02 -1.100000000000000000e+02
1.924000000000000057e+02 -1.110999999999999943e+02
