1.901999999999999886e+02 6.189999999999999858e+01
2.114000000000000057e+02 1.147999999999999972e+02
2.280000000000000000e+02 8.979999999999999716e+01
2.501999999999999886e+02 6.700000000000000000e+01
2.386999999999999886e+02 1.250000000000000000e+01
2.000000000000000000e+02 1.699999999999999956e+00
1.973000000000000114e+02 -3.300000000000000000e+01
2.036999999999999886e+02 -4.889999999999999858e+01
1.934000000000000057e+02 -8.809999999999999432e+01
1.924000000000000057e+02 -1.110999999999999943e+02
