1.901999999999999886e+02 6.189999999999999858e+01
1.880000000000000000e+02 9.790000000000000568e+01
2.351999999999999886e+02 9.979999999999999716e+01
2.200999999999999943e+02 6.310000000000000142e+01
2.324000000000000057e+02 8.099999999999999645e+00
1.999000000000000057e+02 7.000000000000000000e+00
2.050000000000000000e+02 -2.880000000000000071e+01
1.949000000000000057e+02 -4.500000000000000000e+01
2.213000000000000114e+02 -9.170000000000000284e+01
1.924000000000000057e+02 -1.110999999999999943e+02
