1.901999999999999886e+02 6.189999999999999858e+01
2.090999999999999943e+02 1.207000000000000028e+02
2.655000000000000000e+02 9.929999999999999716e+01
1.931999999999999886e+02 5.179999999999999716e+01
2.623000000000000114e+02 9.199999999999999289e+00
2.279000000000000057e+02 8.000000000000000000e+00
1.963000000000000114e+02 -3.820000000000000284e+01
1.956999999999999886e+02 -6.740000000000000568e+01
1.860999999999999943e+02 -7.329999999999999716e+01
1.924000000000000057e+02 -1.110999999999999943e+02
