1.901999999999999886e+02 6.189999999999999858e+01
1.765999999999999943e+02 9.390000000000000568e+01
2.513000000000000114e+02 1.067000000000000028e+02
2.144000000000000057e+02 5.350000000000000000e+01
1.989000000000000057e+02 2.089999999999999858e+01
1.999000000000000057e+02 5.200000000000000178e+00
1.966999999999999886e+02 -3.639999999999999858e+01
1.890999999999999943e+02 -6.509999999999999432e+01
2.140000000000000000e+02 -9.079999999999999716e+01
1.924000000000000057e+02 -1.110999999999999943e+02
