1.901999999999999886e+02 6.189999999999999858e+01
1.795000000000000000e+02 9.150000000000000000e+01
2.403000000000000114e+02 1.020000000000000000e+02
2.270000000000000000e+02 5.660000000000000142e+01
2.173000000000000114e+02 9.500000000000000000e+00
2.149000000000000057e+02 5.599999999999999645e+00
2.111999999999999886e+02 -3.160000000000000142e+01
1.984000000000000057e+02 -4.950000000000000000e+01
1.970000000000000000e+02 -8.359999999999999432e+01
1.924000000000000057e+02 -1.110999999999999943e+02
