1.901999999999999886e+02 6.189999999999999858e+01
1.749000000000000057e+02 9.700000000000000000e+01
2.485000000000000000e+02 1.029000000000000057e+02
1.963000000000000114e+02 3.820000000000000284e+01
2.069000000000000057e+02 7.200000000000000178e+00
1.999000000000000057e+02 7.000000000000000000e+00
2.201999999999999886e+02 -4.079999999999999716e+01
2.386999999999999886e+02 -5.070000000000000284e+01
2.140000000000000000e+02 -9.079999999999999716e+01
1.924000000000000057e+02 -1.110999999999999943e+02
