1.901999999999999886e+02 6.189999999999999858e+01
2.309000000000000057e+02 1.227999999999999972e+02
2.120999999999999943e+02 6.890000000000000568e+01
2.296999999999999886e+02 6.590000000000000568e+01
2.184000000000000057e+02 7.599999999999999645e+00
2.610000000000000000e+02 0.000000000000000000e+00
2.675000000000000000e+02 -2.810000000000000142e+01
1.991999999999999886e+02 -6.470000000000000284e+01
2.081999999999999886e+02 -8.409999999999999432e+01
1.924000000000000057e+02 -1.110999999999999943e+02
