1.901999999999999886e+02 6.189999999999999858e+01
1.774000000000000057e+02 9.229999999999999716e+01
2.485000000000000000e+02 1.055000000000000000e+02
1.945000000000000000e+02 4.670000000000000284e+01
1.990999999999999943e+02 1.919999999999999929e+01
1.999000000000000057e+02 7.000000000000000000e+00
2.000000000000000000e+02 -4.250000000000000000e+01
1.890999999999999943e+02 -6.509999999999999432e+01
2.054000000000000057e+02 -8.929999999999999716e+01
1.924000000000000057e+02 -1.110999999999999943e+02
