1.901999999999999886e+02 6.189999999999999858e+01
1.955000000000000000e+02 1.062000000000000028e+02
2.480999999999999943e+02 1.052999999999999972e+02
2.110000000000000000e+02 5.260000000000000142e+01
1.989000000000000057e+02 2.089999999999999858e+01
1.999000000000000057e+02 7.000000000000000000e+00
1.970000000000000000e+02 -3.470000000000000284e+01
2.013000000000000114e+02 -4.829999999999999716e+01
1.868000000000000114e+02 -8.320000000000000284e+01
1.924000000000000057e+02 -1.110999999999999943e+02
