1.901999999999999886e+02 6.189999999999999858e+01
1.926999999999999886e+02 1.112000000000000028e+02
2.743000000000000114e+02 1.164000000000000057e+02
1.940999999999999943e+02 4.839999999999999858e+01
2.194000000000000057e+02 7.700000000000000178e+00
2.059000000000000057e+02 7.200000000000000178e+00
1.955999999999999943e+02 -4.160000000000000142e+01
2.110000000000000000e+02 -5.070000000000000284e+01
1.900000000000000000e+02 -9.059999999999999432e+01
1.924000000000000057e+02 -1.110999999999999943e+02
