2.146999999999999886e+02 1.240000000000000000e+02
2.645000000000000000e+02 1.277999999999999972e+02
2.523000000000000114e+02 8.520000000000000284e+01
2.065999999999999943e+02 4.560000000000000142e+01
2.483000000000000114e+02 3.019999999999999929e+01
2.735000000000000000e+02 7.099999999999999645e+00
2.210000000000000000e+02 -3.279999999999999716e+01
2.748999999999999773e+02 -8.429999999999999716e+01
2.705000000000000000e+02 -1.217000000000000028e+02
2.200999999999999943e+02 -1.270000000000000000e+02
