1.901999999999999886e+02 6.189999999999999858e+01
2.008000000000000114e+02 1.090000000000000000e+02
2.020000000000000000e+02 7.350000000000000000e+01
2.200999999999999943e+02 6.310000000000000142e+01
2.281999999999999886e+02 1.200000000000000000e+01
2.285000000000000000e+02 4.000000000000000000e+00
2.113000000000000114e+02 -4.489999999999999858e+01
1.906999999999999886e+02 -6.010000000000000142e+01
2.079000000000000057e+02 -8.190000000000000568e+01
1.924000000000000057e+02 -1.110999999999999943e+02
