1.901999999999999886e+02 6.189999999999999858e+01
1.824000000000000057e+02 9.900000000000000000e+01
2.761999999999999886e+02 1.172000000000000028e+02
1.926999999999999886e+02 5.339999999999999858e+01
2.180999999999999943e+02 1.330000000000000071e+01
2.280000000000000000e+02 -2.000000000000000000e+00
2.005999999999999943e+02 -3.720000000000000284e+01
2.041999999999999886e+02 -7.029999999999999716e+01
2.400000000000000000e+02 -9.459999999999999432e+01
1.924000000000000057e+02 -1.110999999999999943e+02
