1.901999999999999886e+02 6.189999999999999858e+01
1.863000000000000114e+02 1.054000000000000057e+02
2.350999999999999943e+02 9.740000000000000568e+01
2.245999999999999943e+02 6.020000000000000284e+01
2.051999999999999886e+02 1.800000000000000000e+01
2.039000000000000057e+02 5.299999999999999822e+00
2.029000000000000057e+02 -3.579999999999999716e+01
2.026999999999999886e+02 -4.870000000000000284e+01
1.995000000000000000e+02 -8.670000000000000284e+01
1.924000000000000057e+02 -1.110999999999999943e+02
