1.965000000000000000e+02 1.134000000000000057e+02
2.189000000000000057e+02 1.044000000000000057e+02
2.235000000000000000e+02 6.409999999999999432e+01
1.973000000000000114e+02 3.300000000000000000e+01
2.426999999999999886e+02 2.550000000000000000e+01
2.065000000000000000e+02 -1.440000000000000036e+01
2.300999999999999943e+02 -2.010000000000000142e+01
2.466999999999999886e+02 -6.840000000000000568e+01
1.938000000000000114e+02 -8.220000000000000284e+01
1.979000000000000057e+02 -1.142000000000000028e+02
