1.901999999999999886e+02 6.189999999999999858e+01
1.859000000000000057e+02 9.879999999999999716e+01
2.733999999999999773e+02 1.160000000000000000e+02
1.960000000000000000e+02 3.989999999999999858e+01
1.991999999999999886e+02 1.739999999999999858e+01
2.260000000000000000e+02 2.000000000000000000e+00
1.963000000000000114e+02 -3.820000000000000284e+01
2.391999999999999886e+02 -5.739999999999999858e+01
1.880000000000000000e+02 -8.170000000000000284e+01
1.924000000000000057e+02 -1.110999999999999943e+02
