1.901999999999999886e+02 6.189999999999999858e+01
1.749000000000000057e+02 9.700000000000000000e+01
2.548000000000000114e+02 9.529999999999999716e+01
2.158000000000000114e+02 4.779999999999999716e+01
1.999000000000000057e+02 7.000000000000000000e+00
2.049000000000000057e+02 5.400000000000000355e+00
1.960000000000000000e+02 -3.989999999999999858e+01
1.973000000000000114e+02 -4.560000000000000142e+01
2.060999999999999943e+02 -9.390000000000000568e+01
1.924000000000000057e+02 -1.110999999999999943e+02
