1.901999999999999886e+02 6.189999999999999858e+01
2.424000000000000057e+02 1.370999999999999943e+02
2.648999999999999773e+02 9.379999999999999716e+01
2.335999999999999943e+02 6.700000000000000000e+01
2.399000000000000057e+02 8.400000000000000355e+00
2.645000000000000000e+02 2.299999999999999822e+00
2.026999999999999886e+02 -3.389999999999999858e+01
2.060999999999999943e+02 -7.100000000000000000e+01
2.184000000000000057e+02 -9.950000000000000000e+01
1.924000000000000057e+02 -1.110999999999999943e+02
