1.901999999999999886e+02 6.189999999999999858e+01
2.135000000000000000e+02 1.232000000000000028e+02
2.538000000000000114e+02 7.279999999999999716e+01
2.306999999999999886e+02 6.620000000000000284e+01
2.264000000000000057e+02 7.900000000000000355e+00
1.999000000000000057e+02 7.000000000000000000e+00
1.991999999999999886e+02 -1.739999999999999858e+01
2.279000000000000057e+02 -7.850000000000000000e+01
2.248000000000000114e+02 -8.400000000000000000e+01
1.924000000000000057e+02 -1.110999999999999943e+02
