2.450999999999999943e+02 1.415000000000000000e+02
2.179000000000000057e+02 9.290000000000000568e+01
1.953000000000000114e+02 8.090000000000000568e+01
2.290999999999999943e+02 6.050000000000000000e+01
2.763000000000000114e+02 1.209999999999999964e+01
2.161999999999999886e+02 4.900000000000000355e+00
2.900000000000000000e+02 -5.900000000000000000e+01
2.359000000000000057e+02 -7.279999999999999716e+01
2.590000000000000000e+02 -9.340000000000000568e+01
2.311999999999999886e+02 -1.335000000000000000e+02
