1.901999999999999886e+02 6.189999999999999858e+01
1.866999999999999886e+02 1.055999999999999943e+02
2.448000000000000114e+02 1.014000000000000057e+02
2.135000000000000000e+02 5.720000000000000284e+01
2.066999999999999886e+02 1.810000000000000142e+01
1.999000000000000057e+02 5.200000000000000178e+00
1.975000000000000000e+02 -3.130000000000000071e+01
2.014000000000000057e+02 -5.210000000000000142e+01
1.895999999999999943e+02 -8.440000000000000568e+01
1.924000000000000057e+02 -1.110999999999999943e+02
