1.901999999999999886e+02 6.189999999999999858e+01
2.018000000000000114e+02 1.005999999999999943e+02
2.360999999999999943e+02 9.779999999999999716e+01
2.225000000000000000e+02 6.379999999999999716e+01
2.126999999999999886e+02 1.109999999999999964e+01
2.049000000000000057e+02 5.400000000000000355e+00
1.975000000000000000e+02 -3.130000000000000071e+01
2.085999999999999943e+02 -5.789999999999999858e+01
1.955999999999999943e+02 -7.900000000000000000e+01
1.924000000000000057e+02 -1.110999999999999943e+02
