1.901999999999999886e+02 6.189999999999999858e+01
1.896999999999999886e+02 1.095000000000000000e+02
2.636999999999999886e+02 1.119000000000000057e+02
2.109000000000000057e+02 3.910000000000000142e+01
1.999000000000000057e+02 1.569999999999999929e+01
2.190000000000000000e+02 3.799999999999999822e+00
2.098000000000000114e+02 -4.460000000000000142e+01
2.319000000000000057e+02 -5.350000000000000000e+01
2.054000000000000057e+02 -1.002000000000000028e+02
1.924000000000000057e+02 -1.110999999999999943e+02
