1.901999999999999886e+02 6.189999999999999858e+01
1.758000000000000114e+02 9.540000000000000568e+01
2.406999999999999886e+02 9.970000000000000284e+01
2.435000000000000000e+02 6.070000000000000284e+01
2.426999999999999886e+02 1.269999999999999929e+01
2.000000000000000000e+02 0.000000000000000000e+00
1.963000000000000114e+02 -3.820000000000000284e+01
2.061999999999999886e+02 -5.139999999999999858e+01
2.150999999999999943e+02 -9.350000000000000000e+01
1.924000000000000057e+02 -1.110999999999999943e+02
