1.901999999999999886e+02 6.189999999999999858e+01
1.740999999999999943e+02 9.850000000000000000e+01
2.274000000000000057e+02 9.650000000000000000e+01
2.568000000000000114e+02 7.120000000000000284e+01
2.116999999999999886e+02 1.109999999999999964e+01
2.190000000000000000e+02 0.000000000000000000e+00
2.069000000000000057e+02 -3.279999999999999716e+01
1.923000000000000114e+02 -5.510000000000000142e+01
1.955999999999999943e+02 -7.509999999999999432e+01
1.924000000000000057e+02 -1.110999999999999943e+02
