1.901999999999999886e+02 6.189999999999999858e+01
1.731999999999999886e+02 1.000000000000000000e+02
2.698000000000000114e+02 1.117000000000000028e+02
2.009000000000000057e+02 5.010000000000000142e+01
2.226999999999999886e+02 1.169999999999999929e+01
2.095000000000000000e+02 -1.800000000000000044e+00
2.069000000000000057e+02 -4.400000000000000000e+01
1.890999999999999943e+02 -6.509999999999999432e+01
1.801999999999999886e+02 -8.790000000000000568e+01
1.924000000000000057e+02 -1.110999999999999943e+02
