1.901999999999999886e+02 6.189999999999999858e+01
1.889000000000000057e+02 9.620000000000000284e+01
2.403000000000000114e+02 1.020000000000000000e+02
2.195000000000000000e+02 4.470000000000000284e+01
2.180999999999999943e+02 2.480000000000000071e+01
1.999000000000000057e+02 7.000000000000000000e+00
1.955999999999999943e+02 -4.160000000000000142e+01
1.901999999999999886e+02 -6.179999999999999716e+01
1.993000000000000114e+02 -9.079999999999999716e+01
1.924000000000000057e+02 -1.110999999999999943e+02
