1.901999999999999886e+02 6.189999999999999858e+01
1.774000000000000057e+02 9.229999999999999716e+01
2.618999999999999773e+02 1.032000000000000028e+02
2.206999999999999886e+02 5.300000000000000000e+01
2.259000000000000057e+02 1.580000000000000071e+01
2.000000000000000000e+02 1.699999999999999956e+00
2.130000000000000000e+02 -3.570000000000000284e+01
2.085999999999999943e+02 -5.010000000000000142e+01
1.866999999999999886e+02 -7.170000000000000284e+01
1.924000000000000057e+02 -1.110999999999999943e+02
