1.901999999999999886e+02 6.189999999999999858e+01
2.084000000000000057e+02 9.500000000000000000e+01
2.678999999999999773e+02 1.137000000000000028e+02
2.518000000000000114e+02 6.050000000000000000e+01
2.608000000000000114e+02 2.510000000000000142e+01
2.628999999999999773e+02 6.900000000000000355e+00
2.063000000000000114e+02 -3.639999999999999858e+01
1.940999999999999943e+02 -4.839999999999999858e+01
2.378000000000000114e+02 -8.190000000000000568e+01
1.924000000000000057e+02 -1.110999999999999943e+02
