1.901999999999999886e+02 6.189999999999999858e+01
1.906999999999999886e+02 1.035000000000000000e+02
2.521999999999999886e+02 1.045000000000000000e+02
2.081999999999999886e+02 5.379999999999999716e+01
2.020000000000000000e+02 1.409999999999999964e+01
2.119000000000000057e+02 7.400000000000000355e+00
2.010999999999999943e+02 -3.729999999999999716e+01
1.935999999999999943e+02 -5.010000000000000142e+01
1.920999999999999943e+02 -8.350000000000000000e+01
1.924000000000000057e+02 -1.110999999999999943e+02
