1.901999999999999886e+02 6.189999999999999858e+01
1.866999999999999886e+02 9.720000000000000284e+01
2.513000000000000114e+02 1.067000000000000028e+02
2.254000000000000057e+02 6.459999999999999432e+01
1.995999999999999943e+02 1.219999999999999929e+01
1.999000000000000057e+02 7.000000000000000000e+00
1.990999999999999943e+02 -1.919999999999999929e+01
1.943000000000000114e+02 -6.690000000000000568e+01
1.885000000000000000e+02 -6.679999999999999716e+01
1.924000000000000057e+02 -1.110999999999999943e+02
