2.125000000000000000e+02 1.227000000000000028e+02
2.636000000000000227e+02 1.430999999999999943e+02
2.239000000000000057e+02 8.370000000000000284e+01
1.945000000000000000e+02 4.670000000000000284e+01
2.713000000000000114e+02 1.900000000000000000e+01
2.613999999999999773e+02 -6.799999999999999822e+00
2.651000000000000227e+02 -5.629999999999999716e+01
1.980999999999999943e+02 -6.820000000000000284e+01
2.818999999999999773e+02 -1.025999999999999943e+02
2.678999999999999773e+02 -1.350000000000000000e+02
