1.901999999999999886e+02 6.189999999999999858e+01
1.978000000000000114e+02 1.007999999999999972e+02
2.286999999999999886e+02 9.709999999999999432e+01
2.431999999999999886e+02 6.970000000000000284e+01
2.114000000000000057e+02 7.400000000000000355e+00
1.999000000000000057e+02 7.000000000000000000e+00
2.031999999999999886e+02 -3.039999999999999858e+01
1.926999999999999886e+02 -5.339999999999999858e+01
1.944000000000000057e+02 -8.450000000000000000e+01
1.924000000000000057e+02 -1.110999999999999943e+02
