1.901999999999999886e+02 6.189999999999999858e+01
1.955999999999999943e+02 9.970000000000000284e+01
2.458000000000000114e+02 1.042999999999999972e+02
2.395000000000000000e+02 6.420000000000000284e+01
2.278000000000000114e+02 9.900000000000000355e+00
2.019000000000000057e+02 7.000000000000000000e+00
2.036999999999999886e+02 -3.960000000000000142e+01
2.085999999999999943e+02 -5.589999999999999858e+01
1.834000000000000057e+02 -7.970000000000000284e+01
1.924000000000000057e+02 -1.110999999999999943e+02
