2.848000000000000114e+02 9.409999999999999432e+01
2.173000000000000114e+02 9.450000000000000000e+01
2.130999999999999943e+02 7.970000000000000284e+01
1.935999999999999943e+02 5.010000000000000142e+01
2.400999999999999943e+02 2.100000000000000000e+01
2.675000000000000000e+02 -2.299999999999999822e+00
2.580000000000000000e+02 -2.260000000000000142e+01
2.628999999999999773e+02 -7.540000000000000568e+01
1.953000000000000114e+02 -9.109999999999999432e+01
2.546999999999999886e+02 -1.470999999999999943e+02
