1.954000000000000057e+02 4.270000000000000284e+01
1.970000000000000000e+02 1.137000000000000028e+02
2.771999999999999886e+02 1.147999999999999972e+02
2.898000000000000114e+02 7.759999999999999432e+01
2.808000000000000114e+02 1.960000000000000142e+01
2.998000000000000114e+02 -1.050000000000000000e+01
1.996999999999999886e+02 -1.750000000000000000e+01
2.215999999999999943e+02 -4.910000000000000142e+01
2.165999999999999943e+02 -8.970000000000000284e+01
1.753000000000000114e+02 -9.629999999999999716e+01
