1.901999999999999886e+02 6.189999999999999858e+01
1.810000000000000000e+02 1.004000000000000057e+02
2.703999999999999773e+02 8.529999999999999716e+01
2.043000000000000114e+02 5.279999999999999716e+01
2.259000000000000057e+02 7.900000000000000355e+00
2.610000000000000000e+02 4.599999999999999645e+00
1.955999999999999943e+02 -4.160000000000000142e+01
1.890999999999999943e+02 -6.509999999999999432e+01
1.798000000000000114e+02 -8.770000000000000284e+01
1.924000000000000057e+02 -1.110999999999999943e+02
