1.901999999999999886e+02 6.189999999999999858e+01
1.790000000000000000e+02 8.920000000000000284e+01
2.384000000000000057e+02 9.870000000000000284e+01
1.931999999999999886e+02 5.179999999999999716e+01
1.989000000000000057e+02 2.089999999999999858e+01
2.000000000000000000e+02 1.699999999999999956e+00
1.966999999999999886e+02 -3.639999999999999858e+01
1.890999999999999943e+02 -6.509999999999999432e+01
1.938000000000000114e+02 -8.220000000000000284e+01
1.924000000000000057e+02 -1.110999999999999943e+02
