1.901999999999999886e+02 6.189999999999999858e+01
2.201999999999999886e+02 1.004000000000000057e+02
2.658999999999999773e+02 8.129999999999999716e+01
2.413000000000000114e+02 6.920000000000000284e+01
2.040000000000000000e+02 1.430000000000000071e+01
2.129000000000000057e+02 7.400000000000000355e+00
2.520000000000000000e+02 -3.539999999999999858e+01
1.990000000000000000e+02 -6.850000000000000000e+01
1.885000000000000000e+02 -6.679999999999999716e+01
1.924000000000000057e+02 -1.110999999999999943e+02
