1.901999999999999886e+02 6.189999999999999858e+01
1.981999999999999886e+02 1.054000000000000057e+02
2.568000000000000114e+02 1.037999999999999972e+02
2.263000000000000114e+02 4.400000000000000000e+01
2.099000000000000057e+02 7.299999999999999822e+00
2.164000000000000057e+02 7.599999999999999645e+00
1.955999999999999943e+02 -4.160000000000000142e+01
2.348000000000000114e+02 -5.850000000000000000e+01
2.198000000000000114e+02 -1.000999999999999943e+02
1.924000000000000057e+02 -1.110999999999999943e+02
