2.270999999999999943e+02 1.310999999999999943e+02
1.828000000000000114e+02 9.720000000000000284e+01
1.873000000000000114e+02 7.000000000000000000e+01
2.708999999999999773e+02 7.259999999999999432e+01
2.384000000000000057e+02 3.560000000000000142e+01
2.106999999999999886e+02 -1.839999999999999858e+01
2.065000000000000000e+02 -2.900000000000000000e+01
2.170999999999999943e+02 -4.620000000000000284e+01
2.126999999999999886e+02 -7.329999999999999716e+01
2.326999999999999886e+02 -1.344000000000000057e+02
