1.901999999999999886e+02 6.189999999999999858e+01
1.828000000000000114e+02 9.720000000000000284e+01
2.264000000000000057e+02 9.379999999999999716e+01
2.360999999999999943e+02 6.550000000000000000e+01
2.211999999999999886e+02 1.159999999999999964e+01
2.074000000000000057e+02 5.400000000000000355e+00
1.970000000000000000e+02 -3.470000000000000284e+01
1.945999999999999943e+02 -5.220000000000000284e+01
1.936999999999999886e+02 -8.620000000000000284e+01
1.924000000000000057e+02 -1.110999999999999943e+02
