1.901999999999999886e+02 6.189999999999999858e+01
1.798000000000000114e+02 8.770000000000000284e+01
2.555000000000000000e+02 1.057999999999999972e+02
1.940999999999999943e+02 4.839999999999999858e+01
2.224000000000000057e+02 7.799999999999999822e+00
1.999000000000000057e+02 7.000000000000000000e+00
1.966999999999999886e+02 -3.639999999999999858e+01
2.104000000000000057e+02 -7.240000000000000568e+01
1.989000000000000057e+02 -7.629999999999999716e+01
1.924000000000000057e+02 -1.110999999999999943e+02
