1.901999999999999886e+02 6.189999999999999858e+01
2.039000000000000057e+02 1.177000000000000028e+02
1.990000000000000000e+02 5.710000000000000142e+01
2.066999999999999886e+02 5.350000000000000000e+01
2.329000000000000057e+02 8.099999999999999645e+00
2.434000000000000057e+02 8.500000000000000000e+00
2.444000000000000057e+02 -2.350000000000000000e+01
1.901999999999999886e+02 -6.179999999999999716e+01
2.206999999999999886e+02 -1.005999999999999943e+02
1.924000000000000057e+02 -1.110999999999999943e+02
