1.901999999999999886e+02 6.189999999999999858e+01
1.956999999999999886e+02 1.130000000000000000e+02
2.243000000000000114e+02 8.390000000000000568e+01
2.199000000000000057e+02 3.679999999999999716e+01
1.995999999999999943e+02 1.219999999999999929e+01
2.000000000000000000e+02 -0.000000000000000000e+00
2.233000000000000114e+02 -4.339999999999999858e+01
2.280000000000000000e+02 -5.260000000000000142e+01
1.798000000000000114e+02 -8.770000000000000284e+01
1.924000000000000057e+02 -1.110999999999999943e+02
