1.901999999999999886e+02 6.189999999999999858e+01
1.968000000000000114e+02 9.600000000000000000e+01
2.530999999999999943e+02 1.022999999999999972e+02
2.308000000000000114e+02 6.400000000000000000e+01
2.040999999999999943e+02 1.250000000000000000e+01
1.999000000000000057e+02 7.000000000000000000e+00
1.978000000000000114e+02 -2.960000000000000142e+01
1.945000000000000000e+02 -4.670000000000000284e+01
2.293000000000000114e+02 -9.970000000000000284e+01
1.924000000000000057e+02 -1.110999999999999943e+02
