1.901999999999999886e+02 6.189999999999999858e+01
1.885000000000000000e+02 1.045000000000000000e+02
2.494000000000000057e+02 1.032999999999999972e+02
2.250999999999999943e+02 5.820000000000000284e+01
1.990999999999999943e+02 1.919999999999999929e+01
1.999000000000000057e+02 5.200000000000000178e+00
2.020000000000000000e+02 -3.200000000000000000e+01
2.003000000000000114e+02 -4.810000000000000142e+01
1.826999999999999886e+02 -8.129999999999999716e+01
1.924000000000000057e+02 -1.110999999999999943e+02
