1.901999999999999886e+02 6.189999999999999858e+01
1.749000000000000057e+02 9.700000000000000000e+01
2.485000000000000000e+02 1.055000000000000000e+02
2.296999999999999886e+02 6.590000000000000568e+01
2.009000000000000057e+02 7.000000000000000000e+00
1.999000000000000057e+02 5.200000000000000178e+00
1.978000000000000114e+02 -2.960000000000000142e+01
1.980000000000000000e+02 -5.860000000000000142e+01
1.860999999999999943e+02 -7.329999999999999716e+01
1.924000000000000057e+02 -1.110999999999999943e+02
