2.044000000000000057e+02 1.180000000000000000e+02
2.299000000000000057e+02 1.090999999999999943e+02
2.360999999999999943e+02 8.290000000000000568e+01
2.300000000000000000e+02 5.779999999999999716e+01
2.254000000000000057e+02 1.910000000000000142e+01
2.495000000000000000e+02 -1.219999999999999929e+01
2.120000000000000000e+02 -3.520000000000000284e+01
2.686999999999999886e+02 -8.270000000000000284e+01
2.535000000000000000e+02 -1.065000000000000000e+02
2.345000000000000000e+02 -1.354000000000000057e+02
