1.901999999999999886e+02 6.189999999999999858e+01
1.886999999999999886e+02 9.209999999999999432e+01
2.345000000000000000e+02 9.240000000000000568e+01
1.935999999999999943e+02 5.010000000000000142e+01
1.990999999999999943e+02 1.919999999999999929e+01
2.140000000000000000e+02 1.899999999999999911e+00
1.955999999999999943e+02 -4.160000000000000142e+01
1.896999999999999886e+02 -6.350000000000000000e+01
2.065000000000000000e+02 -8.550000000000000000e+01
1.924000000000000057e+02 -1.110999999999999943e+02
