1.901999999999999886e+02 6.189999999999999858e+01
1.875999999999999943e+02 9.979999999999999716e+01
2.269000000000000057e+02 9.629999999999999716e+01
2.333000000000000114e+02 6.250000000000000000e+01
2.261999999999999886e+02 1.190000000000000036e+01
1.999000000000000057e+02 7.000000000000000000e+00
1.973000000000000114e+02 -3.300000000000000000e+01
2.018000000000000114e+02 -5.029999999999999716e+01
1.993000000000000114e+02 -8.459999999999999432e+01
1.924000000000000057e+02 -1.110999999999999943e+02
