2.044000000000000057e+02 1.180000000000000000e+02
2.756999999999999886e+02 1.170000000000000000e+02
2.275999999999999943e+02 7.620000000000000284e+01
1.940999999999999943e+02 4.839999999999999858e+01
1.999000000000000057e+02 7.000000000000000000e+00
2.645000000000000000e+02 -1.619999999999999929e+01
1.963000000000000114e+02 -3.820000000000000284e+01
2.394000000000000057e+02 -7.550000000000000000e+01
2.751000000000000227e+02 -1.195999999999999943e+02
2.345000000000000000e+02 -1.354000000000000057e+02
