1.901999999999999886e+02 6.189999999999999858e+01
1.813000000000000114e+02 8.450000000000000000e+01
2.305999999999999943e+02 7.490000000000000568e+01
2.640000000000000000e+02 7.320000000000000284e+01
2.319000000000000057e+02 8.099999999999999645e+00
2.165000000000000000e+02 3.799999999999999822e+00
2.399000000000000057e+02 -2.310000000000000142e+01
1.890999999999999943e+02 -6.509999999999999432e+01
2.288000000000000114e+02 -7.879999999999999716e+01
1.924000000000000057e+02 -1.110999999999999943e+02
