1.901999999999999886e+02 6.189999999999999858e+01
1.894000000000000057e+02 1.007000000000000028e+02
2.231999999999999886e+02 9.479999999999999716e+01
2.028000000000000114e+02 5.820000000000000284e+01
2.253000000000000114e+02 9.800000000000000711e+00
1.999000000000000057e+02 5.200000000000000178e+00
1.973000000000000114e+02 -3.300000000000000000e+01
1.949000000000000057e+02 -4.500000000000000000e+01
2.094000000000000057e+02 -9.759999999999999432e+01
1.924000000000000057e+02 -1.110999999999999943e+02
