1.901999999999999886e+02 6.189999999999999858e+01
2.270000000000000000e+02 1.257999999999999972e+02
2.360999999999999943e+02 7.900000000000000000e+01
2.736999999999999886e+02 7.590000000000000568e+01
2.084000000000000057e+02 7.299999999999999822e+00
2.000000000000000000e+02 -3.500000000000000000e+00
2.376999999999999886e+02 -2.500000000000000000e+01
1.918000000000000114e+02 -5.679999999999999716e+01
2.271999999999999886e+02 -9.179999999999999716e+01
1.924000000000000057e+02 -1.110999999999999943e+02
