1.901999999999999886e+02 6.189999999999999858e+01
1.929000000000000057e+02 9.829999999999999716e+01
2.120000000000000000e+02 6.079999999999999716e+01
2.711000000000000227e+02 7.770000000000000284e+01
1.999000000000000057e+02 7.000000000000000000e+00
2.503000000000000114e+02 8.699999999999999289e+00
2.825000000000000000e+02 -4.470000000000000284e+01
2.104000000000000057e+02 -6.429999999999999716e+01
2.320999999999999943e+02 -7.990000000000000568e+01
1.924000000000000057e+02 -1.110999999999999943e+02
