1.901999999999999886e+02 6.189999999999999858e+01
1.906999999999999886e+02 1.057000000000000028e+02
2.420999999999999943e+02 1.027999999999999972e+02
2.183000000000000114e+02 5.650000000000000000e+01
1.990999999999999943e+02 1.919999999999999929e+01
1.999000000000000057e+02 7.000000000000000000e+00
1.973000000000000114e+02 -3.300000000000000000e+01
1.965000000000000000e+02 -4.900000000000000000e+01
1.925999999999999943e+02 -8.370000000000000284e+01
1.924000000000000057e+02 -1.110999999999999943e+02
