2.219000000000000057e+02 1.280999999999999943e+02
1.954000000000000057e+02 8.729999999999999716e+01
2.718999999999999773e+02 9.929999999999999716e+01
2.173000000000000114e+02 5.229999999999999716e+01
2.671000000000000227e+02 3.389999999999999858e+01
2.525000000000000000e+02 -1.419999999999999929e+01
2.931999999999999886e+02 -6.100000000000000000e+01
2.403000000000000114e+02 -7.820000000000000284e+01
2.174000000000000057e+02 -8.809999999999999432e+01
2.776999999999999886e+02 -1.135000000000000000e+02
