1.901999999999999886e+02 6.189999999999999858e+01
1.903000000000000114e+02 9.900000000000000000e+01
2.320000000000000000e+02 9.850000000000000000e+01
2.455999999999999943e+02 7.040000000000000568e+01
2.269000000000000057e+02 7.900000000000000355e+00
1.999000000000000057e+02 7.000000000000000000e+00
1.975000000000000000e+02 -3.130000000000000071e+01
1.931999999999999886e+02 -5.179999999999999716e+01
1.955999999999999943e+02 -8.300000000000000000e+01
1.924000000000000057e+02 -1.110999999999999943e+02
