1.901999999999999886e+02 6.189999999999999858e+01
1.735999999999999943e+02 1.002000000000000028e+02
2.406999999999999886e+02 9.000000000000000000e+01
2.086999999999999886e+02 4.250000000000000000e+01
1.995999999999999943e+02 1.219999999999999929e+01
2.119000000000000057e+02 5.500000000000000000e+00
2.104000000000000057e+02 -3.900000000000000000e+01
2.170999999999999943e+02 -4.620000000000000284e+01
1.824000000000000057e+02 -8.309999999999999432e+01
1.924000000000000057e+02 -1.110999999999999943e+02
