1.901999999999999886e+02 6.189999999999999858e+01
1.758000000000000114e+02 9.540000000000000568e+01
2.376999999999999886e+02 9.359999999999999432e+01
2.374000000000000057e+02 6.809999999999999432e+01
2.183000000000000114e+02 9.500000000000000000e+00
1.999000000000000057e+02 7.000000000000000000e+00
1.970000000000000000e+02 -3.470000000000000284e+01
1.931999999999999886e+02 -5.179999999999999716e+01
2.331999999999999886e+02 -9.420000000000000284e+01
1.924000000000000057e+02 -1.110999999999999943e+02
