1.901999999999999886e+02 6.189999999999999858e+01
2.004000000000000057e+02 1.065999999999999943e+02
2.439000000000000057e+02 7.929999999999999716e+01
2.120000000000000000e+02 5.089999999999999858e+01
1.994000000000000057e+02 1.569999999999999929e+01
1.999000000000000057e+02 7.000000000000000000e+00
2.385999999999999943e+02 -2.089999999999999858e+01
2.240999999999999943e+02 -7.720000000000000284e+01
2.019000000000000057e+02 -8.990000000000000568e+01
1.924000000000000057e+02 -1.110999999999999943e+02
