1.901999999999999886e+02 6.189999999999999858e+01
2.104000000000000057e+02 1.215000000000000000e+02
1.970000000000000000e+02 6.979999999999999716e+01
1.931999999999999886e+02 5.360000000000000142e+01
1.996999999999999886e+02 1.050000000000000000e+01
2.000000000000000000e+02 -3.500000000000000000e+00
2.798000000000000114e+02 -3.929999999999999716e+01
1.890999999999999943e+02 -6.509999999999999432e+01
2.576999999999999886e+02 -1.120000000000000000e+02
1.924000000000000057e+02 -1.110999999999999943e+02
