2.044000000000000057e+02 1.180000000000000000e+02
2.573000000000000114e+02 1.092000000000000028e+02
1.848000000000000114e+02 7.650000000000000000e+01
2.470000000000000000e+02 7.079999999999999716e+01
2.109000000000000057e+02 7.400000000000000355e+00
2.788999999999999773e+02 -2.439999999999999858e+01
2.314000000000000057e+02 -4.079999999999999716e+01
2.686999999999999886e+02 -8.220000000000000284e+01
2.583999999999999773e+02 -9.409999999999999432e+01
2.345000000000000000e+02 -1.354000000000000057e+02
