1.901999999999999886e+02 6.189999999999999858e+01
1.790000000000000000e+02 8.920000000000000284e+01
2.371999999999999886e+02 7.250000000000000000e+01
2.550000000000000000e+02 6.829999999999999716e+01
2.618000000000000114e+02 2.519999999999999929e+01
1.999000000000000057e+02 5.200000000000000178e+00
2.153000000000000114e+02 -3.410000000000000142e+01
2.378000000000000114e+02 -8.190000000000000568e+01
1.890999999999999943e+02 -6.509999999999999432e+01
1.924000000000000057e+02 -1.110999999999999943e+02
