1.734000000000000057e+02 9.959999999999999432e+01
2.064000000000000057e+02 1.144000000000000057e+02
2.845000000000000000e+02 9.520000000000000284e+01
1.940999999999999943e+02 4.839999999999999858e+01
1.991999999999999886e+02 1.739999999999999858e+01
2.410000000000000000e+02 4.200000000000000178e+00
2.606999999999999886e+02 -3.429999999999999716e+01
2.491999999999999886e+02 -8.100000000000000000e+01
2.818999999999999773e+02 -1.025999999999999943e+02
1.950999999999999943e+02 -4.420000000000000284e+01
