1.901999999999999886e+02 6.189999999999999858e+01
1.824000000000000057e+02 9.900000000000000000e+01
2.701999999999999886e+02 1.119000000000000057e+02
2.294000000000000057e+02 6.150000000000000000e+01
2.270000000000000000e+02 2.989999999999999858e+01
2.000000000000000000e+02 -0.000000000000000000e+00
1.995000000000000000e+02 -4.239999999999999858e+01
1.890999999999999943e+02 -6.509999999999999432e+01
2.251999999999999886e+02 -8.870000000000000284e+01
1.924000000000000057e+02 -1.110999999999999943e+02
