1.901999999999999886e+02 6.189999999999999858e+01
1.950000000000000000e+02 1.080999999999999943e+02
2.668999999999999773e+02 1.132999999999999972e+02
2.191999999999999886e+02 6.079999999999999716e+01
2.124000000000000057e+02 7.400000000000000355e+00
2.129000000000000057e+02 7.400000000000000355e+00
1.975000000000000000e+02 -3.130000000000000071e+01
2.085000000000000000e+02 -4.810000000000000142e+01
2.085999999999999943e+02 -8.429999999999999716e+01
1.924000000000000057e+02 -1.110999999999999943e+02
