1.901999999999999886e+02 6.189999999999999858e+01
1.894000000000000057e+02 1.027999999999999972e+02
2.360999999999999943e+02 1.002000000000000028e+02
2.085999999999999943e+02 5.200000000000000000e+01
1.991999999999999886e+02 1.739999999999999858e+01
1.999000000000000057e+02 7.000000000000000000e+00
1.973000000000000114e+02 -3.300000000000000000e+01
1.935999999999999943e+02 -5.010000000000000142e+01
1.873000000000000114e+02 -8.340000000000000568e+01
1.924000000000000057e+02 -1.110999999999999943e+02
