1.901999999999999886e+02 6.189999999999999858e+01
2.030999999999999943e+02 9.690000000000000568e+01
2.550000000000000000e+02 1.082000000000000028e+02
2.648000000000000114e+02 6.850000000000000000e+01
2.533000000000000114e+02 8.800000000000000711e+00
2.200000000000000000e+02 1.899999999999999911e+00
2.184000000000000057e+02 -4.250000000000000000e+01
2.198000000000000114e+02 -5.279999999999999716e+01
2.044000000000000057e+02 -9.529999999999999716e+01
1.924000000000000057e+02 -1.110999999999999943e+02
