1.901999999999999886e+02 6.189999999999999858e+01
1.889000000000000057e+02 1.069000000000000057e+02
2.490000000000000000e+02 1.057000000000000028e+02
2.183000000000000114e+02 5.650000000000000000e+01
2.065000000000000000e+02 1.989999999999999858e+01
1.999000000000000057e+02 7.000000000000000000e+00
1.973000000000000114e+02 -3.300000000000000000e+01
2.023000000000000114e+02 -5.039999999999999858e+01
1.850000000000000000e+02 -8.240000000000000568e+01
1.924000000000000057e+02 -1.110999999999999943e+02
