1.901999999999999886e+02 6.189999999999999858e+01
1.781999999999999886e+02 9.079999999999999716e+01
2.315000000000000000e+02 9.829999999999999716e+01
2.450999999999999943e+02 7.029999999999999716e+01
2.364000000000000057e+02 8.300000000000000711e+00
2.000000000000000000e+02 1.699999999999999956e+00
1.975000000000000000e+02 -3.130000000000000071e+01
1.955999999999999943e+02 -5.610000000000000142e+01
1.866999999999999886e+02 -7.170000000000000284e+01
1.924000000000000057e+02 -1.110999999999999943e+02
