1.901999999999999886e+02 6.189999999999999858e+01
1.849000000000000057e+02 9.629999999999999716e+01
2.415999999999999943e+02 1.025999999999999943e+02
2.200999999999999943e+02 6.310000000000000142e+01
2.253000000000000114e+02 9.800000000000000711e+00
1.999000000000000057e+02 7.000000000000000000e+00
1.975000000000000000e+02 -3.130000000000000071e+01
1.945000000000000000e+02 -4.670000000000000284e+01
2.118000000000000114e+02 -9.209999999999999432e+01
1.924000000000000057e+02 -1.110999999999999943e+02
