1.901999999999999886e+02 6.189999999999999858e+01
1.839000000000000057e+02 9.170000000000000284e+01
2.526999999999999886e+02 1.047000000000000028e+02
2.178000000000000114e+02 6.039999999999999858e+01
2.250999999999999943e+02 1.380000000000000071e+01
2.109000000000000057e+02 5.500000000000000000e+00
2.120999999999999943e+02 -3.169999999999999929e+01
2.004000000000000057e+02 -5.000000000000000000e+01
2.024000000000000057e+02 -9.009999999999999432e+01
1.924000000000000057e+02 -1.110999999999999943e+02
