1.901999999999999886e+02 6.189999999999999858e+01
1.781999999999999886e+02 9.079999999999999716e+01
2.513000000000000114e+02 1.015000000000000000e+02
2.191999999999999886e+02 6.279999999999999716e+01
2.030999999999999943e+02 1.240000000000000036e+01
1.999000000000000057e+02 5.200000000000000178e+00
2.155999999999999943e+02 -3.220000000000000284e+01
2.061999999999999886e+02 -5.910000000000000142e+01
2.216999999999999886e+02 -9.179999999999999716e+01
1.924000000000000057e+02 -1.110999999999999943e+02
