1.901999999999999886e+02 6.189999999999999858e+01
1.791999999999999886e+02 9.529999999999999716e+01
2.215999999999999943e+02 8.950000000000000000e+01
2.436999999999999886e+02 6.990000000000000568e+01
2.180999999999999943e+02 1.330000000000000071e+01
1.999000000000000057e+02 7.000000000000000000e+00
2.083000000000000114e+02 -3.670000000000000284e+01
1.931999999999999886e+02 -5.179999999999999716e+01
1.984000000000000057e+02 -8.420000000000000284e+01
1.924000000000000057e+02 -1.110999999999999943e+02
