1.901999999999999886e+02 6.189999999999999858e+01
2.200999999999999943e+02 1.120999999999999943e+02
2.153000000000000114e+02 6.170000000000000284e+01
2.358000000000000114e+02 5.660000000000000142e+01
2.118000000000000114e+02 1.669999999999999929e+01
2.064000000000000057e+02 7.200000000000000178e+00
2.878999999999999773e+02 -2.519999999999999929e+01
2.070000000000000000e+02 -6.529999999999999716e+01
2.516999999999999886e+02 -1.095000000000000000e+02
1.924000000000000057e+02 -1.110999999999999943e+02
