1.901999999999999886e+02 6.189999999999999858e+01
1.898000000000000114e+02 1.052000000000000028e+02
2.420999999999999943e+02 1.002999999999999972e+02
2.154000000000000057e+02 5.570000000000000284e+01
1.991999999999999886e+02 1.739999999999999858e+01
2.179000000000000057e+02 7.599999999999999645e+00
1.970000000000000000e+02 -3.470000000000000284e+01
2.004000000000000057e+02 -5.560000000000000142e+01
1.921999999999999886e+02 -7.959999999999999432e+01
1.924000000000000057e+02 -1.110999999999999943e+02
