1.901999999999999886e+02 6.189999999999999858e+01
1.813000000000000114e+02 8.450000000000000000e+01
2.286999999999999886e+02 9.709999999999999432e+01
2.245000000000000000e+02 6.229999999999999716e+01
1.995999999999999943e+02 1.219999999999999929e+01
2.164000000000000057e+02 5.700000000000000178e+00
2.283000000000000114e+02 -3.210000000000000142e+01
1.918000000000000114e+02 -5.679999999999999716e+01
1.826999999999999886e+02 -8.129999999999999716e+01
1.924000000000000057e+02 -1.110999999999999943e+02
