1.901999999999999886e+02 6.189999999999999858e+01
1.826999999999999886e+02 9.509999999999999432e+01
2.420999999999999943e+02 9.050000000000000000e+01
1.926999999999999886e+02 5.339999999999999858e+01
1.986999999999999886e+02 2.260000000000000142e+01
1.999000000000000057e+02 -5.200000000000000178e+00
1.960000000000000000e+02 -3.989999999999999858e+01
2.114000000000000057e+02 -4.879999999999999716e+01
2.064000000000000057e+02 -7.309999999999999432e+01
1.924000000000000057e+02 -1.110999999999999943e+02
