1.901999999999999886e+02 6.189999999999999858e+01
1.758000000000000114e+02 9.540000000000000568e+01
2.316999999999999886e+02 9.129999999999999716e+01
2.318000000000000114e+02 6.429999999999999716e+01
2.083000000000000114e+02 9.099999999999999645e+00
1.999000000000000057e+02 5.200000000000000178e+00
1.973000000000000114e+02 -3.300000000000000000e+01
1.935999999999999943e+02 -5.010000000000000142e+01
2.240000000000000000e+02 -9.279999999999999716e+01
1.924000000000000057e+02 -1.110999999999999943e+02
