1.901999999999999886e+02 6.189999999999999858e+01
1.836999999999999886e+02 9.970000000000000284e+01
2.360999999999999943e+02 1.002000000000000028e+02
2.350000000000000000e+02 6.740000000000000568e+01
2.195999999999999943e+02 1.340000000000000036e+01
1.999000000000000057e+02 7.000000000000000000e+00
2.114000000000000057e+02 -2.969999999999999929e+01
1.940999999999999943e+02 -4.839999999999999858e+01
1.905000000000000000e+02 -8.090000000000000568e+01
1.924000000000000057e+02 -1.110999999999999943e+02
