1.901999999999999886e+02 6.189999999999999858e+01
1.810999999999999943e+02 8.829999999999999716e+01
2.605000000000000000e+02 1.052999999999999972e+02
2.543000000000000114e+02 7.290000000000000568e+01
2.223000000000000114e+02 9.699999999999999289e+00
2.000000000000000000e+02 3.500000000000000000e+00
2.175000000000000000e+02 -4.429999999999999716e+01
2.193000000000000114e+02 -5.470000000000000284e+01
2.103000000000000114e+02 -8.279999999999999716e+01
1.924000000000000057e+02 -1.110999999999999943e+02
