1.901999999999999886e+02 6.189999999999999858e+01
1.889000000000000057e+02 9.840000000000000568e+01
2.365999999999999943e+02 1.004000000000000057e+02
2.125000000000000000e+02 5.300000000000000000e+01
2.054000000000000057e+02 1.619999999999999929e+01
2.039000000000000057e+02 7.099999999999999645e+00
1.970000000000000000e+02 -3.470000000000000284e+01
2.061999999999999886e+02 -5.329999999999999716e+01
1.900000000000000000e+02 -8.459999999999999432e+01
1.924000000000000057e+02 -1.110999999999999943e+02
