1.776999999999999886e+02 9.179999999999999716e+01
2.170999999999999943e+02 1.035000000000000000e+02
2.283000000000000114e+02 8.759999999999999432e+01
2.324000000000000057e+02 6.010000000000000142e+01
1.975000000000000000e+02 3.130000000000000071e+01
2.753999999999999773e+02 -2.410000000000000142e+01
2.745000000000000000e+02 -2.400000000000000000e+01
2.690000000000000000e+02 -5.960000000000000142e+01
2.718999999999999773e+02 -1.267999999999999972e+02
2.956000000000000227e+02 -5.089999999999999858e+01
