1.901999999999999886e+02 6.189999999999999858e+01
1.960000000000000000e+02 9.770000000000000284e+01
2.370000000000000000e+02 9.820000000000000284e+01
2.313000000000000114e+02 6.200000000000000000e+01
2.349000000000000057e+02 8.199999999999999289e+00
2.084000000000000057e+02 5.500000000000000000e+00
1.970000000000000000e+02 -3.470000000000000284e+01
1.965000000000000000e+02 -5.079999999999999716e+01
1.935000000000000000e+02 -7.620000000000000284e+01
1.924000000000000057e+02 -1.110999999999999943e+02
