1.901999999999999886e+02 6.189999999999999858e+01
1.866999999999999886e+02 9.929999999999999716e+01
2.485000000000000000e+02 1.029000000000000057e+02
2.448000000000000114e+02 6.790000000000000568e+01
2.216999999999999886e+02 1.159999999999999964e+01
1.999000000000000057e+02 7.000000000000000000e+00
2.070999999999999943e+02 -3.470000000000000284e+01
1.935999999999999943e+02 -5.010000000000000142e+01
1.848000000000000114e+02 -8.029999999999999716e+01
1.924000000000000057e+02 -1.110999999999999943e+02
