1.901999999999999886e+02 6.189999999999999858e+01
1.765999999999999943e+02 9.390000000000000568e+01
2.295000000000000000e+02 7.679999999999999716e+01
2.305000000000000000e+02 5.529999999999999716e+01
1.999000000000000057e+02 7.000000000000000000e+00
2.115000000000000000e+02 1.800000000000000044e+00
2.818999999999999773e+02 -2.469999999999999929e+01
1.906999999999999886e+02 -6.010000000000000142e+01
2.028000000000000114e+02 -6.979999999999999716e+01
1.924000000000000057e+02 -1.110999999999999943e+02
