1.901999999999999886e+02 6.189999999999999858e+01
1.790000000000000000e+02 8.920000000000000284e+01
2.403000000000000114e+02 1.020000000000000000e+02
2.350999999999999943e+02 6.520000000000000284e+01
2.011999999999999886e+02 1.050000000000000000e+01
1.999000000000000057e+02 5.200000000000000178e+00
2.045000000000000000e+02 -2.869999999999999929e+01
2.041999999999999886e+02 -5.089999999999999858e+01
2.181999999999999886e+02 -9.259999999999999432e+01
1.924000000000000057e+02 -1.110999999999999943e+02
