1.901999999999999886e+02 6.189999999999999858e+01
1.761999999999999886e+02 1.017000000000000028e+02
2.603999999999999773e+02 8.209999999999999432e+01
2.304000000000000057e+02 5.750000000000000000e+01
2.389000000000000057e+02 8.300000000000000711e+00
2.524000000000000057e+02 6.599999999999999645e+00
1.955999999999999943e+02 -4.160000000000000142e+01
1.906999999999999886e+02 -6.010000000000000142e+01
2.116999999999999886e+02 -1.032000000000000028e+02
1.924000000000000057e+02 -1.110999999999999943e+02
