1.901999999999999886e+02 6.189999999999999858e+01
1.854000000000000057e+02 1.007000000000000028e+02
2.601000000000000227e+02 1.050999999999999943e+02
2.193000000000000114e+02 5.670000000000000284e+01
2.070000000000000000e+02 1.989999999999999858e+01
1.999000000000000057e+02 7.000000000000000000e+00
1.991999999999999886e+02 -3.329999999999999716e+01
1.999000000000000057e+02 -5.170000000000000284e+01
2.021999999999999886e+02 -8.790000000000000568e+01
1.924000000000000057e+02 -1.110999999999999943e+02
