2.848000000000000114e+02 9.409999999999999432e+01
2.568000000000000114e+02 1.280999999999999943e+02
2.248000000000000114e+02 9.079999999999999716e+01
1.926999999999999886e+02 5.339999999999999858e+01
2.346999999999999886e+02 2.469999999999999929e+01
2.325000000000000000e+02 -2.000000000000000000e+00
2.966999999999999886e+02 -4.429999999999999716e+01
2.783000000000000114e+02 -9.309999999999999432e+01
1.798000000000000114e+02 -8.770000000000000284e+01
2.546999999999999886e+02 -1.470999999999999943e+02
