1.965000000000000000e+02 1.134000000000000057e+02
1.910000000000000000e+02 8.109999999999999432e+01
2.523000000000000114e+02 7.240000000000000568e+01
2.118000000000000114e+02 4.500000000000000000e+01
1.999000000000000057e+02 7.000000000000000000e+00
2.620000000000000000e+02 -2.299999999999999822e+00
2.748999999999999773e+02 -2.410000000000000142e+01
2.314000000000000057e+02 -5.129999999999999716e+01
2.089000000000000057e+02 -9.740000000000000568e+01
1.979000000000000057e+02 -1.142000000000000028e+02
