1.901999999999999886e+02 6.189999999999999858e+01
1.790000000000000000e+02 8.920000000000000284e+01
2.581999999999999886e+02 1.042999999999999972e+02
2.505000000000000000e+02 6.950000000000000000e+01
2.175999999999999943e+02 1.330000000000000071e+01
1.999000000000000057e+02 7.000000000000000000e+00
1.978000000000000114e+02 -2.960000000000000142e+01
1.926999999999999886e+02 -5.339999999999999858e+01
2.123000000000000114e+02 -8.579999999999999716e+01
1.924000000000000057e+02 -1.110999999999999943e+02
