1.901999999999999886e+02 6.189999999999999858e+01
1.849000000000000057e+02 9.420000000000000284e+01
2.545000000000000000e+02 1.027999999999999972e+02
2.324000000000000057e+02 5.789999999999999858e+01
2.006999999999999886e+02 1.760000000000000142e+01
2.000000000000000000e+02 3.500000000000000000e+00
1.973000000000000114e+02 -3.300000000000000000e+01
1.931999999999999886e+02 -5.179999999999999716e+01
1.960999999999999943e+02 -7.920000000000000284e+01
1.924000000000000057e+02 -1.110999999999999943e+02
