1.901999999999999886e+02 6.189999999999999858e+01
1.840000000000000000e+02 8.579999999999999716e+01
2.239000000000000057e+02 9.050000000000000000e+01
2.278000000000000114e+02 6.529999999999999716e+01
2.434000000000000057e+02 8.500000000000000000e+00
2.005000000000000000e+02 -1.699999999999999956e+00
2.063000000000000114e+02 -3.639999999999999858e+01
2.161999999999999886e+02 -6.400000000000000000e+01
1.869000000000000057e+02 -7.929999999999999716e+01
1.924000000000000057e+02 -1.110999999999999943e+02
