1.901999999999999886e+02 6.189999999999999858e+01
1.853000000000000114e+02 1.070000000000000000e+02
2.475999999999999943e+02 1.050999999999999943e+02
1.970000000000000000e+02 3.470000000000000284e+01
1.995999999999999943e+02 1.219999999999999929e+01
2.000000000000000000e+02 3.500000000000000000e+00
1.955999999999999943e+02 -4.160000000000000142e+01
2.338000000000000114e+02 -4.970000000000000284e+01
2.148000000000000114e+02 -1.047999999999999972e+02
1.924000000000000057e+02 -1.110999999999999943e+02
