1.901999999999999886e+02 6.189999999999999858e+01
1.938000000000000114e+02 1.052000000000000028e+02
2.526999999999999886e+02 1.047000000000000028e+02
2.245999999999999943e+02 6.020000000000000284e+01
2.001999999999999886e+02 1.750000000000000000e+01
1.999000000000000057e+02 5.200000000000000178e+00
2.016999999999999886e+02 -3.379999999999999716e+01
1.980000000000000000e+02 -5.310000000000000142e+01
1.900999999999999943e+02 -8.070000000000000284e+01
1.924000000000000057e+02 -1.110999999999999943e+02
