1.901999999999999886e+02 6.189999999999999858e+01
1.731999999999999886e+02 1.000000000000000000e+02
2.376999999999999886e+02 9.359999999999999432e+01
2.235999999999999943e+02 5.370000000000000284e+01
2.198000000000000114e+02 1.730000000000000071e+01
2.164000000000000057e+02 7.599999999999999645e+00
1.963000000000000114e+02 -3.820000000000000284e+01
2.269000000000000057e+02 -4.820000000000000284e+01
1.840999999999999943e+02 -7.809999999999999432e+01
1.924000000000000057e+02 -1.110999999999999943e+02
