1.901999999999999886e+02 6.189999999999999858e+01
2.078000000000000114e+02 1.200000000000000000e+02
2.368000000000000114e+02 9.329999999999999716e+01
2.273000000000000114e+02 6.520000000000000284e+01
2.598000000000000114e+02 9.099999999999999645e+00
2.429000000000000057e+02 8.500000000000000000e+00
1.955999999999999943e+02 -4.160000000000000142e+01
1.919000000000000057e+02 -6.609999999999999432e+01
1.899000000000000057e+02 -8.850000000000000000e+01
1.924000000000000057e+02 -1.110999999999999943e+02
