1.901999999999999886e+02 6.189999999999999858e+01
1.781999999999999886e+02 9.079999999999999716e+01
2.458000000000000114e+02 1.017999999999999972e+02
2.085999999999999943e+02 5.010000000000000142e+01
2.120000000000000000e+02 1.480000000000000071e+01
2.000000000000000000e+02 0.000000000000000000e+00
2.198000000000000114e+02 -3.089999999999999858e+01
1.890999999999999943e+02 -6.509999999999999432e+01
2.000000000000000000e+02 -7.879999999999999716e+01
1.924000000000000057e+02 -1.110999999999999943e+02
