1.901999999999999886e+02 6.189999999999999858e+01
2.075000000000000000e+02 1.102999999999999972e+02
2.315000000000000000e+02 9.829999999999999716e+01
2.340999999999999943e+02 6.709999999999999432e+01
2.259000000000000057e+02 7.900000000000000355e+00
1.999000000000000057e+02 7.000000000000000000e+00
1.963000000000000114e+02 -3.820000000000000284e+01
2.009000000000000057e+02 -5.570000000000000284e+01
2.119000000000000057e+02 -8.129999999999999716e+01
1.924000000000000057e+02 -1.110999999999999943e+02
