1.901999999999999886e+02 6.189999999999999858e+01
1.749000000000000057e+02 9.700000000000000000e+01
2.484000000000000057e+02 9.790000000000000568e+01
1.926999999999999886e+02 5.339999999999999858e+01
1.986999999999999886e+02 2.260000000000000142e+01
2.264000000000000057e+02 5.900000000000000355e+00
1.955999999999999943e+02 -4.160000000000000142e+01
1.913000000000000114e+02 -5.850000000000000000e+01
2.163000000000000114e+02 -7.659999999999999432e+01
1.924000000000000057e+02 -1.110999999999999943e+02
