1.740000000000000000e+02 1.005000000000000000e+02
2.449000000000000057e+02 1.039000000000000057e+02
1.945000000000000000e+02 6.320000000000000284e+01
1.968000000000000114e+02 3.829999999999999716e+01
1.990999999999999943e+02 1.919999999999999929e+01
2.895000000000000000e+02 -2.500000000000000000e+00
1.985000000000000000e+02 -2.439999999999999858e+01
2.200999999999999943e+02 -4.679999999999999716e+01
2.205999999999999943e+02 -9.820000000000000284e+01
1.940999999999999943e+02 -4.820000000000000284e+01
