1.901999999999999886e+02 6.189999999999999858e+01
1.911999999999999886e+02 9.950000000000000000e+01
2.493000000000000114e+02 9.570000000000000284e+01
2.355000000000000000e+02 6.750000000000000000e+01
2.248000000000000114e+02 9.800000000000000711e+00
2.224000000000000057e+02 7.799999999999999822e+00
2.195999999999999943e+02 -3.870000000000000284e+01
2.178000000000000114e+02 -5.629999999999999716e+01
1.984000000000000057e+02 -7.620000000000000284e+01
1.924000000000000057e+02 -1.110999999999999943e+02
