2.851999999999999886e+02 9.309999999999999432e+01
2.648999999999999773e+02 1.320999999999999943e+02
2.238000000000000114e+02 7.490000000000000568e+01
2.883999999999999773e+02 8.270000000000000284e+01
2.224000000000000057e+02 7.799999999999999822e+00
2.129000000000000057e+02 7.400000000000000355e+00
1.985000000000000000e+02 -2.439999999999999858e+01
2.646999999999999886e+02 -8.340000000000000568e+01
2.558000000000000114e+02 -8.809999999999999432e+01
1.923000000000000114e+02 -5.500000000000000000e+01
