1.901999999999999886e+02 6.189999999999999858e+01
1.783000000000000114e+02 9.279999999999999716e+01
2.513000000000000114e+02 1.067000000000000028e+02
2.081999999999999886e+02 5.379999999999999716e+01
1.989000000000000057e+02 2.089999999999999858e+01
2.049000000000000057e+02 7.200000000000000178e+00
1.995000000000000000e+02 -4.239999999999999858e+01
1.896999999999999886e+02 -6.350000000000000000e+01
2.199000000000000057e+02 -8.440000000000000568e+01
1.924000000000000057e+02 -1.110999999999999943e+02
