1.901999999999999886e+02 6.189999999999999858e+01
1.906999999999999886e+02 9.720000000000000284e+01
2.190999999999999943e+02 9.300000000000000000e+01
2.176999999999999886e+02 4.829999999999999716e+01
2.220999999999999943e+02 2.919999999999999929e+01
1.999000000000000057e+02 7.000000000000000000e+00
1.970999999999999943e+02 -4.189999999999999858e+01
1.890999999999999943e+02 -6.509999999999999432e+01
1.920000000000000000e+02 -8.750000000000000000e+01
1.924000000000000057e+02 -1.110999999999999943e+02
