1.901999999999999886e+02 6.189999999999999858e+01
1.889000000000000057e+02 9.620000000000000284e+01
2.389000000000000057e+02 1.014000000000000057e+02
1.955999999999999943e+02 4.160000000000000142e+01
2.121999999999999886e+02 2.789999999999999858e+01
2.155000000000000000e+02 3.799999999999999822e+00
2.074000000000000057e+02 -4.410000000000000142e+01
1.940999999999999943e+02 -6.120000000000000284e+01
2.148000000000000114e+02 -9.790000000000000568e+01
1.924000000000000057e+02 -1.110999999999999943e+02
