1.901999999999999886e+02 6.189999999999999858e+01
1.828000000000000114e+02 9.920000000000000284e+01
2.591000000000000227e+02 1.072999999999999972e+02
2.149000000000000057e+02 5.360000000000000142e+01
2.011999999999999886e+02 1.760000000000000142e+01
1.999000000000000057e+02 7.000000000000000000e+00
1.963000000000000114e+02 -3.820000000000000284e+01
1.993000000000000114e+02 -4.789999999999999858e+01
1.848000000000000114e+02 -7.650000000000000000e+01
1.924000000000000057e+02 -1.110999999999999943e+02
