1.901999999999999886e+02 6.189999999999999858e+01
1.995000000000000000e+02 9.729999999999999716e+01
2.566000000000000227e+02 9.600000000000000000e+01
2.396999999999999886e+02 5.979999999999999716e+01
2.140000000000000000e+02 2.060000000000000142e+01
2.000000000000000000e+02 1.699999999999999956e+00
2.019000000000000057e+02 -4.110000000000000142e+01
1.931999999999999886e+02 -5.179999999999999716e+01
1.873000000000000114e+02 -7.000000000000000000e+01
1.924000000000000057e+02 -1.110999999999999943e+02
