1.901999999999999886e+02 6.189999999999999858e+01
1.866999999999999886e+02 1.035000000000000000e+02
2.218000000000000114e+02 9.420000000000000284e+01
2.520000000000000000e+02 6.990000000000000568e+01
2.353000000000000114e+02 1.030000000000000071e+01
1.999000000000000057e+02 7.000000000000000000e+00
1.970000000000000000e+02 -3.470000000000000284e+01
1.949000000000000057e+02 -4.500000000000000000e+01
1.965000000000000000e+02 -8.340000000000000568e+01
1.924000000000000057e+02 -1.110999999999999943e+02
