1.901999999999999886e+02 6.189999999999999858e+01
1.770000000000000000e+02 9.409999999999999432e+01
2.429000000000000057e+02 9.809999999999999432e+01
2.431999999999999886e+02 6.970000000000000284e+01
2.350999999999999943e+02 1.440000000000000036e+01
1.999000000000000057e+02 5.200000000000000178e+00
1.966999999999999886e+02 -3.639999999999999858e+01
1.945999999999999943e+02 -5.220000000000000284e+01
1.854000000000000057e+02 -7.490000000000000568e+01
1.924000000000000057e+02 -1.110999999999999943e+02
