1.901999999999999886e+02 6.189999999999999858e+01
1.889000000000000057e+02 9.840000000000000568e+01
2.296999999999999886e+02 9.750000000000000000e+01
2.231999999999999886e+02 5.770000000000000284e+01
2.024000000000000057e+02 7.099999999999999645e+00
1.999000000000000057e+02 7.000000000000000000e+00
1.973000000000000114e+02 -3.300000000000000000e+01
2.134000000000000057e+02 -5.120000000000000284e+01
1.951999999999999886e+02 -7.890000000000000568e+01
1.924000000000000057e+02 -1.110999999999999943e+02
