1.901999999999999886e+02 6.189999999999999858e+01
1.875999999999999943e+02 9.770000000000000284e+01
2.333000000000000114e+02 9.659999999999999432e+01
2.424000000000000057e+02 6.500000000000000000e+01
2.185999999999999943e+02 1.340000000000000036e+01
1.999000000000000057e+02 7.000000000000000000e+00
1.973000000000000114e+02 -3.300000000000000000e+01
2.023000000000000114e+02 -5.229999999999999716e+01
1.930000000000000000e+02 -8.390000000000000568e+01
1.924000000000000057e+02 -1.110999999999999943e+02
