1.901999999999999886e+02 6.189999999999999858e+01
1.820000000000000000e+02 8.290000000000000568e+01
2.300000000000000000e+02 8.600000000000000000e+01
2.076999999999999886e+02 5.760000000000000142e+01
2.039000000000000057e+02 1.600000000000000000e+01
1.999000000000000057e+02 5.200000000000000178e+00
1.960000000000000000e+02 -3.989999999999999858e+01
2.328000000000000114e+02 -4.950000000000000000e+01
1.854000000000000057e+02 -7.490000000000000568e+01
1.924000000000000057e+02 -1.110999999999999943e+02
