1.901999999999999886e+02 6.189999999999999858e+01
1.911999999999999886e+02 9.950000000000000000e+01
2.458000000000000114e+02 1.042999999999999972e+02
2.384000000000000057e+02 6.840000000000000568e+01
2.279000000000000057e+02 8.000000000000000000e+00
1.999000000000000057e+02 7.000000000000000000e+00
1.970000000000000000e+02 -3.470000000000000284e+01
1.999000000000000057e+02 -5.170000000000000284e+01
1.935999999999999943e+02 -8.020000000000000284e+01
1.924000000000000057e+02 -1.110999999999999943e+02
