1.901999999999999886e+02 6.189999999999999858e+01
1.758000000000000114e+02 9.540000000000000568e+01
2.678999999999999773e+02 1.137000000000000028e+02
2.166999999999999886e+02 4.610000000000000142e+01
1.999000000000000057e+02 7.000000000000000000e+00
2.094000000000000057e+02 7.299999999999999822e+00
2.240000000000000000e+02 -4.760000000000000142e+01
2.371999999999999886e+02 -5.039999999999999858e+01
1.978000000000000114e+02 -8.809999999999999432e+01
1.924000000000000057e+02 -1.110999999999999943e+02
