1.901999999999999886e+02 6.189999999999999858e+01
1.774000000000000057e+02 9.229999999999999716e+01
2.015999999999999943e+02 8.559999999999999432e+01
2.231999999999999886e+02 5.360000000000000142e+01
2.100000000000000000e+02 1.469999999999999929e+01
2.124000000000000057e+02 7.400000000000000355e+00
1.978000000000000114e+02 -2.960000000000000142e+01
2.205999999999999943e+02 -7.170000000000000284e+01
1.834000000000000057e+02 -7.970000000000000284e+01
1.924000000000000057e+02 -1.110999999999999943e+02
