1.901999999999999886e+02 6.189999999999999858e+01
1.840000000000000000e+02 1.062000000000000028e+02
1.965000000000000000e+02 6.189999999999999858e+01
2.225000000000000000e+02 6.379999999999999716e+01
2.264000000000000057e+02 7.900000000000000355e+00
2.335000000000000000e+02 4.099999999999999645e+00
2.698000000000000114e+02 -3.069999999999999929e+01
2.060000000000000000e+02 -6.500000000000000000e+01
2.448000000000000114e+02 -1.014000000000000057e+02
1.924000000000000057e+02 -1.110999999999999943e+02
