1.901999999999999886e+02 6.189999999999999858e+01
1.955000000000000000e+02 9.750000000000000000e+01
2.245999999999999943e+02 9.529999999999999716e+01
2.154000000000000057e+02 5.770000000000000284e+01
1.996999999999999886e+02 1.050000000000000000e+01
1.999000000000000057e+02 7.000000000000000000e+00
1.966999999999999886e+02 -3.639999999999999858e+01
1.954000000000000057e+02 -4.689999999999999858e+01
2.090000000000000000e+02 -8.870000000000000284e+01
1.924000000000000057e+02 -1.110999999999999943e+02
