1.901999999999999886e+02 6.189999999999999858e+01
1.945999999999999943e+02 1.079000000000000057e+02
2.429000000000000057e+02 9.809999999999999432e+01
2.225999999999999943e+02 5.970000000000000284e+01
1.991999999999999886e+02 1.739999999999999858e+01
2.044000000000000057e+02 5.400000000000000355e+00
1.973000000000000114e+02 -3.300000000000000000e+01
1.931999999999999886e+02 -5.179999999999999716e+01
1.886999999999999886e+02 -8.009999999999999432e+01
1.924000000000000057e+02 -1.110999999999999943e+02
