1.901999999999999886e+02 6.189999999999999858e+01
1.774000000000000057e+02 9.229999999999999716e+01
2.550000000000000000e+02 1.030000000000000000e+02
2.154000000000000057e+02 5.370000000000000284e+01
2.395999999999999943e+02 1.469999999999999929e+01
1.999000000000000057e+02 7.000000000000000000e+00
1.975000000000000000e+02 -3.130000000000000071e+01
1.931999999999999886e+02 -5.179999999999999716e+01
2.119000000000000057e+02 -8.559999999999999432e+01
1.924000000000000057e+02 -1.110999999999999943e+02
