1.901999999999999886e+02 6.189999999999999858e+01
2.130000000000000000e+02 1.039000000000000057e+02
2.675000000000000000e+02 1.080999999999999943e+02
2.200999999999999943e+02 6.310000000000000142e+01
2.440000000000000000e+02 1.490000000000000036e+01
1.999000000000000057e+02 7.000000000000000000e+00
2.031999999999999886e+02 -3.950000000000000000e+01
1.923000000000000114e+02 -5.510000000000000142e+01
1.880000000000000000e+02 -8.170000000000000284e+01
1.924000000000000057e+02 -1.110999999999999943e+02
