1.901999999999999886e+02 6.189999999999999858e+01
1.805000000000000000e+02 8.609999999999999432e+01
2.426999999999999886e+02 8.600000000000000000e+01
2.465999999999999943e+02 7.070000000000000284e+01
1.999000000000000057e+02 7.000000000000000000e+00
2.330000000000000000e+02 -2.000000000000000000e+00
1.980999999999999943e+02 -2.780000000000000071e+01
1.945000000000000000e+02 -4.670000000000000284e+01
2.040000000000000000e+02 -8.240000000000000568e+01
1.924000000000000057e+02 -1.110999999999999943e+02
