1.901999999999999886e+02 6.189999999999999858e+01
1.795000000000000000e+02 9.150000000000000000e+01
2.489000000000000057e+02 9.800000000000000000e+01
2.255000000000000000e+02 5.000000000000000000e+01
2.133000000000000114e+02 2.239999999999999858e+01
2.039000000000000057e+02 5.299999999999999822e+00
2.025000000000000000e+02 -4.300000000000000000e+01
2.056999999999999886e+02 -5.510000000000000142e+01
1.959000000000000057e+02 -9.340000000000000568e+01
1.924000000000000057e+02 -1.110999999999999943e+02
