1.965000000000000000e+02 1.134000000000000057e+02
2.231999999999999886e+02 9.479999999999999716e+01
2.186999999999999886e+02 6.270000000000000284e+01
2.236999999999999886e+02 3.539999999999999858e+01
2.486999999999999886e+02 1.300000000000000000e+01
2.070000000000000000e+02 -1.800000000000000044e+00
2.250999999999999943e+02 -1.969999999999999929e+01
2.105999999999999943e+02 -5.250000000000000000e+01
2.005000000000000000e+02 -7.900000000000000000e+01
1.979000000000000057e+02 -1.142000000000000028e+02
