1.901999999999999886e+02 6.189999999999999858e+01
1.933000000000000114e+02 1.070999999999999943e+02
2.444000000000000057e+02 1.037000000000000028e+02
2.221999999999999886e+02 5.750000000000000000e+01
2.059000000000000057e+02 2.160000000000000142e+01
2.025000000000000000e+02 3.500000000000000000e+00
2.000000000000000000e+02 -3.169999999999999929e+01
1.955000000000000000e+02 -4.870000000000000284e+01
2.069000000000000057e+02 -9.209999999999999432e+01
1.924000000000000057e+02 -1.110999999999999943e+02
