1.901999999999999886e+02 6.189999999999999858e+01
1.790000000000000000e+02 8.920000000000000284e+01
2.105000000000000000e+02 8.079999999999999716e+01
1.990000000000000000e+02 5.520000000000000284e+01
1.995000000000000000e+02 1.400000000000000000e+01
2.000000000000000000e+02 3.500000000000000000e+00
1.973000000000000114e+02 -3.300000000000000000e+01
2.109000000000000057e+02 -7.259999999999999432e+01
1.906999999999999886e+02 -7.509999999999999432e+01
1.924000000000000057e+02 -1.110999999999999943e+02
