1.901999999999999886e+02 6.189999999999999858e+01
1.925000000000000000e+02 9.809999999999999432e+01
2.225000000000000000e+02 8.990000000000000568e+01
2.019000000000000057e+02 5.410000000000000142e+01
2.034000000000000057e+02 2.139999999999999858e+01
2.134000000000000057e+02 5.599999999999999645e+00
1.966999999999999886e+02 -3.639999999999999858e+01
1.934000000000000057e+02 -6.659999999999999432e+01
1.893000000000000114e+02 -8.629999999999999716e+01
1.924000000000000057e+02 -1.110999999999999943e+02
