1.901999999999999886e+02 6.189999999999999858e+01
1.731999999999999886e+02 1.000000000000000000e+02
2.701000000000000227e+02 7.750000000000000000e+01
2.158000000000000114e+02 6.189999999999999858e+01
2.811000000000000227e+02 1.469999999999999929e+01
2.554000000000000057e+02 -6.700000000000000178e+00
2.566000000000000227e+02 -2.700000000000000000e+01
2.240999999999999943e+02 -7.720000000000000284e+01
2.189000000000000057e+02 -8.400000000000000000e+01
1.924000000000000057e+02 -1.110999999999999943e+02
