1.901999999999999886e+02 6.189999999999999858e+01
1.900000000000000000e+02 9.059999999999999432e+01
2.586999999999999886e+02 1.045000000000000000e+02
1.955999999999999943e+02 4.160000000000000142e+01
2.258000000000000114e+02 2.769999999999999929e+01
1.999000000000000057e+02 5.200000000000000178e+00
1.960000000000000000e+02 -3.989999999999999858e+01
1.954000000000000057e+02 -6.350000000000000000e+01
2.138000000000000114e+02 -9.750000000000000000e+01
1.924000000000000057e+02 -1.110999999999999943e+02
