1.901999999999999886e+02 6.189999999999999858e+01
1.848000000000000114e+02 9.209999999999999432e+01
2.566000000000000227e+02 9.600000000000000000e+01
2.450999999999999943e+02 7.029999999999999716e+01
1.999000000000000057e+02 7.000000000000000000e+00
2.100000000000000000e+02 -0.000000000000000000e+00
2.106999999999999886e+02 -3.720000000000000284e+01
2.110000000000000000e+02 -6.050000000000000000e+01
2.084000000000000057e+02 -9.500000000000000000e+01
1.924000000000000057e+02 -1.110999999999999943e+02
