1.901999999999999886e+02 6.189999999999999858e+01
1.920000000000000000e+02 1.020999999999999943e+02
2.283000000000000114e+02 9.690000000000000568e+01
2.424000000000000057e+02 6.500000000000000000e+01
2.406999999999999886e+02 1.259999999999999964e+01
1.999000000000000057e+02 7.000000000000000000e+00
2.034000000000000057e+02 -3.589999999999999858e+01
1.940999999999999943e+02 -4.839999999999999858e+01
2.106999999999999886e+02 -8.300000000000000000e+01
1.924000000000000057e+02 -1.110999999999999943e+02
