1.901999999999999886e+02 6.189999999999999858e+01
1.765999999999999943e+02 9.390000000000000568e+01
2.296999999999999886e+02 9.750000000000000000e+01
2.481999999999999886e+02 6.650000000000000000e+01
2.189000000000000057e+02 7.599999999999999645e+00
2.000000000000000000e+02 0.000000000000000000e+00
2.019000000000000057e+02 -3.560000000000000142e+01
1.936999999999999886e+02 -5.550000000000000000e+01
1.866999999999999886e+02 -7.170000000000000284e+01
1.924000000000000057e+02 -1.110999999999999943e+02
