1.901999999999999886e+02 6.189999999999999858e+01
1.781999999999999886e+02 9.079999999999999716e+01
2.711000000000000227e+02 1.150999999999999943e+02
1.990000000000000000e+02 5.150000000000000000e+01
2.181999999999999886e+02 1.140000000000000036e+01
2.239000000000000057e+02 7.799999999999999822e+00
1.985000000000000000e+02 -2.439999999999999858e+01
1.990000000000000000e+02 -6.850000000000000000e+01
1.854000000000000057e+02 -7.490000000000000568e+01
1.924000000000000057e+02 -1.110999999999999943e+02
