1.901999999999999886e+02 6.189999999999999858e+01
1.943000000000000114e+02 8.850000000000000000e+01
2.151999999999999886e+02 8.259999999999999432e+01
1.960999999999999943e+02 5.250000000000000000e+01
2.133000000000000114e+02 9.300000000000000711e+00
2.170000000000000000e+02 1.899999999999999911e+00
1.966999999999999886e+02 -3.639999999999999858e+01
1.980000000000000000e+02 -5.679999999999999716e+01
1.820000000000000000e+02 -8.290000000000000568e+01
1.924000000000000057e+02 -1.110999999999999943e+02
