1.901999999999999886e+02 6.189999999999999858e+01
1.749000000000000057e+02 9.700000000000000000e+01
2.310000000000000000e+02 9.570000000000000284e+01
2.441999999999999886e+02 7.000000000000000000e+01
2.059000000000000057e+02 7.200000000000000178e+00
2.000000000000000000e+02 1.699999999999999956e+00
2.150999999999999943e+02 -3.210000000000000142e+01
2.165999999999999943e+02 -6.620000000000000284e+01
1.860999999999999943e+02 -7.329999999999999716e+01
1.924000000000000057e+02 -1.110999999999999943e+02
