2.586999999999999886e+02 1.493000000000000114e+02
2.269000000000000057e+02 1.310000000000000000e+02
2.159000000000000057e+02 7.640000000000000568e+01
2.373000000000000114e+02 5.479999999999999716e+01
1.986999999999999886e+02 2.260000000000000142e+01
2.958000000000000114e+02 1.030000000000000071e+01
2.685000000000000000e+02 -2.350000000000000000e+01
2.853000000000000114e+02 -9.270000000000000284e+01
2.141999999999999886e+02 -9.540000000000000568e+01
2.626000000000000227e+02 -1.450000000000000000e+02
