1.901999999999999886e+02 6.189999999999999858e+01
1.731999999999999886e+02 1.000000000000000000e+02
2.883999999999999773e+02 8.270000000000000284e+01
2.311999999999999886e+02 6.629999999999999716e+01
2.998000000000000114e+02 1.050000000000000000e+01
2.800000000000000000e+02 4.900000000000000355e+00
2.518000000000000114e+02 -3.320000000000000284e+01
2.525000000000000000e+02 -8.200000000000000000e+01
2.046999999999999886e+02 -7.650000000000000000e+01
1.924000000000000057e+02 -1.110999999999999943e+02
