1.901999999999999886e+02 6.189999999999999858e+01
1.938000000000000114e+02 1.030000000000000000e+02
2.338000000000000114e+02 9.920000000000000284e+01
2.250000000000000000e+02 6.239999999999999858e+01
2.339000000000000057e+02 8.199999999999999289e+00
1.999000000000000057e+02 7.000000000000000000e+00
2.089000000000000057e+02 -2.939999999999999858e+01
1.953000000000000114e+02 -4.329999999999999716e+01
2.043000000000000114e+02 -9.309999999999999432e+01
1.924000000000000057e+02 -1.110999999999999943e+02
