1.901999999999999886e+02 6.189999999999999858e+01
1.784000000000000057e+02 9.479999999999999716e+01
2.260000000000000000e+02 9.590000000000000568e+01
2.283000000000000114e+02 6.550000000000000000e+01
2.409000000000000057e+02 8.400000000000000355e+00
1.999000000000000057e+02 5.200000000000000178e+00
2.111999999999999886e+02 -3.160000000000000142e+01
2.031999999999999886e+02 -4.689999999999999858e+01
2.099000000000000057e+02 -8.909999999999999432e+01
1.924000000000000057e+02 -1.110999999999999943e+02
