1.901999999999999886e+02 6.189999999999999858e+01
1.885999999999999943e+02 8.400000000000000000e+01
2.661000000000000227e+02 1.075000000000000000e+02
2.341999999999999886e+02 6.279999999999999716e+01
2.136999999999999886e+02 1.119999999999999929e+01
2.289000000000000057e+02 8.000000000000000000e+00
2.218000000000000114e+02 -3.119999999999999929e+01
2.061999999999999886e+02 -5.329999999999999716e+01
2.010000000000000000e+02 -7.920000000000000284e+01
1.924000000000000057e+02 -1.110999999999999943e+02
