1.901999999999999886e+02 6.189999999999999858e+01
1.819000000000000057e+02 1.029000000000000057e+02
2.441999999999999886e+02 9.620000000000000284e+01
2.004000000000000057e+02 4.079999999999999716e+01
2.110000000000000000e+02 1.480000000000000071e+01
2.179000000000000057e+02 5.700000000000000178e+00
2.044000000000000057e+02 -4.350000000000000000e+01
2.356999999999999886e+02 -5.010000000000000142e+01
2.255999999999999943e+02 -1.100000000000000000e+02
1.924000000000000057e+02 -1.110999999999999943e+02
