2.681999999999999886e+02 1.344000000000000057e+02
1.945000000000000000e+02 9.609999999999999432e+01
2.339000000000000057e+02 8.200000000000000000e+01
2.125999999999999943e+02 5.289999999999999858e+01
2.876999999999999886e+02 1.090000000000000036e+01
2.856999999999999886e+02 1.100000000000000089e+00
2.074000000000000057e+02 -4.200000000000000000e+01
2.089000000000000057e+02 -6.200000000000000000e+01
2.356999999999999886e+02 -8.259999999999999432e+01
1.804000000000000057e+02 -1.040999999999999943e+02
