1.901999999999999886e+02 6.189999999999999858e+01
1.926999999999999886e+02 1.112000000000000028e+02
2.596000000000000227e+02 8.440000000000000568e+01
2.643000000000000114e+02 7.579999999999999716e+01
2.278000000000000114e+02 1.789999999999999858e+01
2.144000000000000057e+02 7.500000000000000000e+00
2.873999999999999773e+02 -2.510000000000000142e+01
2.298000000000000114e+02 -7.250000000000000000e+01
2.670000000000000000e+02 -1.025000000000000000e+02
1.924000000000000057e+02 -1.110999999999999943e+02
