1.901999999999999886e+02 6.189999999999999858e+01
1.901999999999999886e+02 1.054000000000000057e+02
2.400999999999999943e+02 9.700000000000000000e+01
2.535999999999999943e+02 6.790000000000000568e+01
2.386999999999999886e+02 1.250000000000000000e+01
1.999000000000000057e+02 5.200000000000000178e+00
2.010000000000000000e+02 -4.270000000000000284e+01
1.931999999999999886e+02 -5.179999999999999716e+01
1.985999999999999943e+02 -8.229999999999999716e+01
1.924000000000000057e+02 -1.110999999999999943e+02
