1.901999999999999886e+02 6.189999999999999858e+01
1.781999999999999886e+02 9.079999999999999716e+01
2.405999999999999943e+02 9.720000000000000284e+01
2.245999999999999943e+02 5.600000000000000000e+01
2.091999999999999886e+02 1.830000000000000071e+01
1.999000000000000057e+02 7.000000000000000000e+00
2.019000000000000057e+02 -4.110000000000000142e+01
2.081999999999999886e+02 -5.379999999999999716e+01
2.004000000000000057e+02 -8.709999999999999432e+01
1.924000000000000057e+02 -1.110999999999999943e+02
