1.901999999999999886e+02 6.189999999999999858e+01
1.761999999999999886e+02 9.770000000000000284e+01
2.411999999999999886e+02 1.024000000000000057e+02
2.144000000000000057e+02 4.950000000000000000e+01
2.061999999999999886e+02 1.080000000000000071e+01
1.999000000000000057e+02 7.000000000000000000e+00
1.966999999999999886e+02 -3.639999999999999858e+01
2.033000000000000114e+02 -5.070000000000000284e+01
1.855000000000000000e+02 -7.870000000000000284e+01
1.924000000000000057e+02 -1.110999999999999943e+02
