1.901999999999999886e+02 6.189999999999999858e+01
1.853000000000000114e+02 1.070000000000000000e+02
2.499000000000000057e+02 1.010000000000000000e+02
2.169000000000000057e+02 5.810000000000000142e+01
2.026999999999999886e+02 1.769999999999999929e+01
2.014000000000000057e+02 5.299999999999999822e+00
1.973000000000000114e+02 -3.300000000000000000e+01
1.955999999999999943e+02 -5.239999999999999858e+01
1.971999999999999886e+02 -8.170000000000000284e+01
1.924000000000000057e+02 -1.110999999999999943e+02
