1.901999999999999886e+02 6.189999999999999858e+01
1.784000000000000057e+02 9.890000000000000568e+01
2.271999999999999886e+02 9.179999999999999716e+01
2.474000000000000057e+02 6.400000000000000000e+01
2.399000000000000057e+02 8.400000000000000355e+00
1.999000000000000057e+02 7.000000000000000000e+00
1.975000000000000000e+02 -3.130000000000000071e+01
2.041999999999999886e+02 -5.089999999999999858e+01
2.041999999999999886e+02 -9.090000000000000568e+01
1.924000000000000057e+02 -1.110999999999999943e+02
