1.901999999999999886e+02 6.189999999999999858e+01
1.824000000000000057e+02 9.900000000000000000e+01
2.046999999999999886e+02 5.870000000000000284e+01
2.198000000000000114e+02 5.679999999999999716e+01
2.153000000000000114e+02 9.400000000000000355e+00
2.259000000000000057e+02 7.900000000000000355e+00
2.510000000000000000e+02 -2.200000000000000000e+01
2.213000000000000114e+02 -6.979999999999999716e+01
2.093000000000000114e+02 -9.540000000000000568e+01
1.924000000000000057e+02 -1.110999999999999943e+02
