1.901999999999999886e+02 6.189999999999999858e+01
1.749000000000000057e+02 9.700000000000000000e+01
2.380000000000000000e+02 1.010000000000000000e+02
2.080999999999999943e+02 3.479999999999999716e+01
2.196999999999999886e+02 1.150000000000000000e+01
2.000000000000000000e+02 -1.699999999999999956e+00
2.146999999999999886e+02 -4.560000000000000142e+01
2.235999999999999943e+02 -5.160000000000000142e+01
2.156999999999999886e+02 -9.829999999999999716e+01
1.924000000000000057e+02 -1.110999999999999943e+02
