1.901999999999999886e+02 6.189999999999999858e+01
2.238000000000000114e+02 1.190000000000000000e+02
2.568000000000000114e+02 1.012000000000000028e+02
1.946999999999999886e+02 5.400000000000000000e+01
2.591000000000000227e+02 2.719999999999999929e+01
2.114000000000000057e+02 7.400000000000000355e+00
2.150999999999999943e+02 -4.379999999999999716e+01
1.913000000000000114e+02 -5.850000000000000000e+01
1.848000000000000114e+02 -7.650000000000000000e+01
1.924000000000000057e+02 -1.110999999999999943e+02
