1.901999999999999886e+02 6.189999999999999858e+01
1.901999999999999886e+02 9.690000000000000568e+01
2.721000000000000227e+02 1.127000000000000028e+02
2.368000000000000114e+02 5.250000000000000000e+01
1.983000000000000114e+02 2.610000000000000142e+01
2.214000000000000057e+02 7.700000000000000178e+00
2.133000000000000114e+02 -3.379999999999999716e+01
1.906999999999999886e+02 -6.010000000000000142e+01
2.065999999999999943e+02 -8.140000000000000568e+01
1.924000000000000057e+02 -1.110999999999999943e+02
