1.901999999999999886e+02 6.189999999999999858e+01
1.889000000000000057e+02 1.047000000000000028e+02
2.461999999999999886e+02 1.045000000000000000e+02
2.125000000000000000e+02 5.689999999999999858e+01
2.036999999999999886e+02 1.780000000000000071e+01
1.999000000000000057e+02 5.200000000000000178e+00
2.014000000000000057e+02 -3.550000000000000000e+01
1.959000000000000057e+02 -4.700000000000000000e+01
1.978000000000000114e+02 -8.809999999999999432e+01
1.924000000000000057e+02 -1.110999999999999943e+02
