1.901999999999999886e+02 6.189999999999999858e+01
1.879000000000000057e+02 1.085000000000000000e+02
2.275999999999999943e+02 8.509999999999999432e+01
2.430999999999999943e+02 5.610000000000000142e+01
2.384000000000000057e+02 3.139999999999999858e+01
2.254000000000000057e+02 7.900000000000000355e+00
1.991999999999999886e+02 -1.739999999999999858e+01
2.371999999999999886e+02 -7.250000000000000000e+01
1.890999999999999943e+02 -6.509999999999999432e+01
1.924000000000000057e+02 -1.110999999999999943e+02
