1.901999999999999886e+02 6.189999999999999858e+01
1.990999999999999943e+02 1.080999999999999943e+02
2.475999999999999943e+02 1.025999999999999943e+02
2.099000000000000057e+02 3.320000000000000284e+01
1.995999999999999943e+02 1.219999999999999929e+01
2.000000000000000000e+02 3.500000000000000000e+00
2.141999999999999886e+02 -4.550000000000000000e+01
2.064000000000000057e+02 -4.389999999999999858e+01
1.826999999999999886e+02 -8.129999999999999716e+01
1.924000000000000057e+02 -1.110999999999999943e+02
