2.886000000000000227e+02 8.190000000000000568e+01
2.636999999999999886e+02 1.189000000000000057e+02
2.733000000000000114e+02 1.045000000000000000e+02
2.014000000000000057e+02 3.360000000000000142e+01
2.628000000000000114e+02 3.180000000000000071e+01
2.841999999999999886e+02 -2.500000000000000000e+00
2.080000000000000000e+02 -3.239999999999999858e+01
2.166999999999999886e+02 -5.579999999999999716e+01
2.070000000000000000e+02 -8.470000000000000284e+01
1.971999999999999886e+02 -3.339999999999999858e+01
