1.901999999999999886e+02 6.189999999999999858e+01
1.765999999999999943e+02 9.390000000000000568e+01
2.343000000000000114e+02 9.000000000000000000e+01
1.926999999999999886e+02 5.339999999999999858e+01
2.509000000000000057e+02 1.750000000000000000e+01
2.094000000000000057e+02 7.299999999999999822e+00
2.030000000000000000e+02 -3.760000000000000142e+01
1.951999999999999886e+02 -6.720000000000000284e+01
1.879000000000000057e+02 -6.840000000000000568e+01
1.924000000000000057e+02 -1.110999999999999943e+02
