1.901999999999999886e+02 6.189999999999999858e+01
1.849000000000000057e+02 1.067000000000000028e+02
2.683999999999999773e+02 1.030000000000000000e+02
2.415999999999999943e+02 5.579999999999999716e+01
2.010999999999999943e+02 1.939999999999999858e+01
1.999000000000000057e+02 7.000000000000000000e+00
2.264000000000000057e+02 -3.789999999999999858e+01
2.203000000000000114e+02 -7.590000000000000568e+01
1.813000000000000114e+02 -8.450000000000000000e+01
1.924000000000000057e+02 -1.110999999999999943e+02
