1.901999999999999886e+02 6.189999999999999858e+01
1.731999999999999886e+02 1.000000000000000000e+02
2.520999999999999943e+02 9.679999999999999716e+01
1.963000000000000114e+02 3.820000000000000284e+01
1.990999999999999943e+02 1.919999999999999929e+01
2.020000000000000000e+02 -1.800000000000000044e+00
1.955999999999999943e+02 -4.160000000000000142e+01
2.460000000000000000e+02 -5.910000000000000142e+01
2.115999999999999943e+02 -9.640000000000000568e+01
1.924000000000000057e+02 -1.110999999999999943e+02
