1.901999999999999886e+02 6.189999999999999858e+01
1.945999999999999943e+02 1.079000000000000057e+02
2.573000000000000114e+02 1.092000000000000028e+02
2.036999999999999886e+02 4.889999999999999858e+01
2.015999999999999943e+02 1.939999999999999858e+01
2.000000000000000000e+02 3.500000000000000000e+00
1.966999999999999886e+02 -3.639999999999999858e+01
2.004000000000000057e+02 -5.000000000000000000e+01
1.826999999999999886e+02 -8.129999999999999716e+01
1.924000000000000057e+02 -1.110999999999999943e+02
