1.901999999999999886e+02 6.189999999999999858e+01
1.798000000000000114e+02 8.770000000000000284e+01
2.350999999999999943e+02 9.740000000000000568e+01
2.211999999999999886e+02 6.129999999999999716e+01
1.995000000000000000e+02 1.400000000000000000e+01
2.194000000000000057e+02 7.700000000000000178e+00
2.046999999999999886e+02 -3.420000000000000284e+01
1.955999999999999943e+02 -5.610000000000000142e+01
1.840999999999999943e+02 -7.809999999999999432e+01
1.924000000000000057e+02 -1.110999999999999943e+02
