1.901999999999999886e+02 6.189999999999999858e+01
1.749000000000000057e+02 9.700000000000000000e+01
2.403000000000000114e+02 1.020000000000000000e+02
2.085999999999999943e+02 5.200000000000000000e+01
1.980999999999999943e+02 2.780000000000000071e+01
2.000000000000000000e+02 0.000000000000000000e+00
1.963000000000000114e+02 -3.820000000000000284e+01
1.890999999999999943e+02 -6.509999999999999432e+01
2.255000000000000000e+02 -8.650000000000000000e+01
1.924000000000000057e+02 -1.110999999999999943e+02
