2.751000000000000227e+02 1.195999999999999943e+02
2.400000000000000000e+02 1.345000000000000000e+02
2.516999999999999886e+02 7.640000000000000568e+01
2.826000000000000227e+02 6.310000000000000142e+01
2.775000000000000000e+02 1.969999999999999929e+01
2.481999999999999886e+02 9.000000000000000222e-01
2.906000000000000227e+02 -2.700000000000000000e+01
2.310000000000000000e+02 -6.160000000000000142e+01
2.405999999999999943e+02 -8.320000000000000284e+01
1.791999999999999886e+02 -8.879999999999999716e+01
