1.901999999999999886e+02 6.189999999999999858e+01
1.944000000000000057e+02 1.122000000000000028e+02
2.513000000000000114e+02 1.067000000000000028e+02
2.071999999999999886e+02 5.750000000000000000e+01
2.344000000000000057e+02 1.639999999999999858e+01
2.244000000000000057e+02 7.799999999999999822e+00
1.963000000000000114e+02 -3.820000000000000284e+01
1.890999999999999943e+02 -6.509999999999999432e+01
1.834000000000000057e+02 -7.970000000000000284e+01
1.924000000000000057e+02 -1.110999999999999943e+02
