1.901999999999999886e+02 6.189999999999999858e+01
1.924000000000000057e+02 9.590000000000000568e+01
2.461999999999999886e+02 1.020000000000000000e+02
2.320999999999999943e+02 6.659999999999999432e+01
2.293000000000000114e+02 1.000000000000000000e+01
1.999000000000000057e+02 5.200000000000000178e+00
2.111999999999999886e+02 -3.720000000000000284e+01
1.940999999999999943e+02 -4.839999999999999858e+01
2.019000000000000057e+02 -8.359999999999999432e+01
1.924000000000000057e+02 -1.110999999999999943e+02
