1.901999999999999886e+02 6.189999999999999858e+01
2.056999999999999886e+02 1.187000000000000028e+02
2.818999999999999773e+02 1.025999999999999943e+02
2.273000000000000114e+02 4.629999999999999716e+01
1.998000000000000114e+02 8.699999999999999289e+00
2.000000000000000000e+02 -0.000000000000000000e+00
1.970000000000000000e+02 -3.470000000000000284e+01
2.221999999999999886e+02 -5.539999999999999858e+01
2.165999999999999943e+02 -8.970000000000000284e+01
1.924000000000000057e+02 -1.110999999999999943e+02
