1.901999999999999886e+02 6.189999999999999858e+01
2.039000000000000057e+02 1.107000000000000028e+02
2.360999999999999943e+02 9.779999999999999716e+01
2.299000000000000057e+02 6.160000000000000142e+01
2.319000000000000057e+02 8.099999999999999645e+00
2.154000000000000057e+02 7.500000000000000000e+00
2.138000000000000114e+02 -3.389999999999999858e+01
1.935999999999999943e+02 -5.010000000000000142e+01
1.894000000000000057e+02 -7.850000000000000000e+01
1.924000000000000057e+02 -1.110999999999999943e+02
