1.901999999999999886e+02 6.189999999999999858e+01
1.749000000000000057e+02 9.900000000000000000e+01
2.461999999999999886e+02 1.045000000000000000e+02
1.949000000000000057e+02 4.500000000000000000e+01
1.995000000000000000e+02 1.400000000000000000e+01
2.039000000000000057e+02 7.099999999999999645e+00
1.960000000000000000e+02 -3.989999999999999858e+01
2.128000000000000114e+02 -4.720000000000000284e+01
2.125000000000000000e+02 -9.679999999999999716e+01
1.924000000000000057e+02 -1.110999999999999943e+02
