1.901999999999999886e+02 6.189999999999999858e+01
1.884000000000000057e+02 1.065999999999999943e+02
2.665000000000000000e+02 1.130999999999999943e+02
2.144000000000000057e+02 5.550000000000000000e+01
1.996999999999999886e+02 1.050000000000000000e+01
2.000000000000000000e+02 1.699999999999999956e+00
2.174000000000000057e+02 -3.050000000000000000e+01
2.046999999999999886e+02 -7.050000000000000000e+01
1.885000000000000000e+02 -6.679999999999999716e+01
1.924000000000000057e+02 -1.110999999999999943e+02
