1.901999999999999886e+02 6.189999999999999858e+01
1.880000000000000000e+02 1.042000000000000028e+02
2.466999999999999886e+02 1.047000000000000028e+02
2.183000000000000114e+02 5.439999999999999858e+01
1.990999999999999943e+02 1.919999999999999929e+01
2.000000000000000000e+02 3.500000000000000000e+00
1.975000000000000000e+02 -3.130000000000000071e+01
1.940999999999999943e+02 -4.839999999999999858e+01
2.029000000000000057e+02 -9.250000000000000000e+01
1.924000000000000057e+02 -1.110999999999999943e+02
