1.901999999999999886e+02 6.189999999999999858e+01
2.103000000000000114e+02 1.165999999999999943e+02
2.310000000000000000e+02 9.809999999999999432e+01
2.573000000000000114e+02 7.140000000000000568e+01
2.416999999999999886e+02 1.269999999999999929e+01
1.999000000000000057e+02 7.000000000000000000e+00
2.075999999999999943e+02 -4.039999999999999858e+01
1.931999999999999886e+02 -5.179999999999999716e+01
2.161999999999999886e+02 -8.950000000000000000e+01
1.924000000000000057e+02 -1.110999999999999943e+02
