2.125000000000000000e+02 1.227000000000000028e+02
2.673000000000000114e+02 1.361999999999999886e+02
2.485000000000000000e+02 1.004000000000000057e+02
1.960000000000000000e+02 3.989999999999999858e+01
2.756999999999999886e+02 2.650000000000000000e+01
2.808000000000000114e+02 -9.800000000000000711e+00
2.280999999999999943e+02 -4.229999999999999716e+01
1.890999999999999943e+02 -6.509999999999999432e+01
2.581000000000000227e+02 -9.650000000000000000e+01
2.678999999999999773e+02 -1.350000000000000000e+02
