1.901999999999999886e+02 6.189999999999999858e+01
2.173000000000000114e+02 1.205000000000000000e+02
2.733999999999999773e+02 1.160000000000000000e+02
2.188000000000000114e+02 5.460000000000000142e+01
2.449000000000000057e+02 1.710000000000000142e+01
2.005000000000000000e+02 1.699999999999999956e+00
2.225000000000000000e+02 -4.729999999999999716e+01
1.901999999999999886e+02 -6.179999999999999716e+01
1.860999999999999943e+02 -7.329999999999999716e+01
1.924000000000000057e+02 -1.110999999999999943e+02
