1.901999999999999886e+02 6.189999999999999858e+01
1.973000000000000114e+02 9.840000000000000568e+01
1.966999999999999886e+02 7.350000000000000000e+01
2.178000000000000114e+02 6.039999999999999858e+01
1.986999999999999886e+02 2.260000000000000142e+01
1.999000000000000057e+02 7.000000000000000000e+00
2.304000000000000057e+02 -4.060000000000000142e+01
1.890999999999999943e+02 -6.509999999999999432e+01
2.114000000000000057e+02 -9.190000000000000568e+01
1.924000000000000057e+02 -1.110999999999999943e+02
