1.901999999999999886e+02 6.189999999999999858e+01
2.225999999999999943e+02 1.285000000000000000e+02
2.436999999999999886e+02 6.990000000000000568e+01
2.171999999999999886e+02 6.229999999999999716e+01
2.203000000000000114e+02 9.599999999999999645e+00
2.000000000000000000e+02 1.699999999999999956e+00
2.355999999999999943e+02 -2.060000000000000142e+01
2.166999999999999886e+02 -7.250000000000000000e+01
2.576999999999999886e+02 -1.120000000000000000e+02
1.924000000000000057e+02 -1.110999999999999943e+02
