2.711999999999999886e+02 1.281999999999999886e+02
1.880000000000000000e+02 9.129999999999999716e+01
2.730000000000000000e+02 9.079999999999999716e+01
2.788000000000000114e+02 7.740000000000000568e+01
2.675000000000000000e+02 1.559999999999999964e+01
2.901999999999999886e+02 -3.500000000000000000e+00
2.175000000000000000e+02 -3.870000000000000284e+01
2.251999999999999886e+02 -6.590000000000000568e+01
2.571999999999999886e+02 -1.172999999999999972e+02
1.930000000000000000e+02 -1.114000000000000057e+02
