1.901999999999999886e+02 6.189999999999999858e+01
1.990999999999999943e+02 1.015000000000000000e+02
2.504000000000000057e+02 1.037000000000000028e+02
2.285000000000000000e+02 5.910000000000000142e+01
2.388000000000000114e+02 1.040000000000000036e+01
1.999000000000000057e+02 7.000000000000000000e+00
2.025000000000000000e+02 -2.850000000000000000e+01
2.061999999999999886e+02 -5.720000000000000284e+01
1.903000000000000114e+02 -7.879999999999999716e+01
1.924000000000000057e+02 -1.110999999999999943e+02
