1.901999999999999886e+02 6.189999999999999858e+01
1.781999999999999886e+02 9.079999999999999716e+01
2.346999999999999886e+02 9.959999999999999432e+01
2.499000000000000057e+02 5.539999999999999858e+01
2.041999999999999886e+02 2.330000000000000071e+01
2.024000000000000057e+02 7.099999999999999645e+00
1.963000000000000114e+02 -3.820000000000000284e+01
1.931999999999999886e+02 -5.179999999999999716e+01
2.050999999999999943e+02 -9.129999999999999716e+01
1.924000000000000057e+02 -1.110999999999999943e+02
