1.901999999999999886e+02 6.189999999999999858e+01
1.905999999999999943e+02 1.077999999999999972e+02
2.345999999999999943e+02 9.479999999999999716e+01
2.206999999999999886e+02 5.710000000000000142e+01
2.019000000000000057e+02 1.590000000000000036e+01
2.054000000000000057e+02 7.200000000000000178e+00
1.975000000000000000e+02 -3.130000000000000071e+01
1.931999999999999886e+02 -5.179999999999999716e+01
1.869000000000000057e+02 -7.929999999999999716e+01
1.924000000000000057e+02 -1.110999999999999943e+02
