1.901999999999999886e+02 6.189999999999999858e+01
1.774000000000000057e+02 9.229999999999999716e+01
2.303000000000000114e+02 9.070000000000000284e+01
1.931999999999999886e+02 5.179999999999999716e+01
2.118000000000000114e+02 1.669999999999999929e+01
2.065000000000000000e+02 3.600000000000000089e+00
1.973000000000000114e+02 -3.300000000000000000e+01
1.970999999999999943e+02 -6.790000000000000568e+01
2.034000000000000057e+02 -8.640000000000000568e+01
1.924000000000000057e+02 -1.110999999999999943e+02
