1.901999999999999886e+02 6.189999999999999858e+01
1.813000000000000114e+02 8.450000000000000000e+01
2.596000000000000227e+02 1.102000000000000028e+02
2.273000000000000114e+02 6.520000000000000284e+01
1.994000000000000057e+02 1.569999999999999929e+01
2.335000000000000000e+02 4.099999999999999645e+00
1.975000000000000000e+02 -3.130000000000000071e+01
1.940999999999999943e+02 -4.839999999999999858e+01
1.836999999999999886e+02 -8.759999999999999432e+01
1.924000000000000057e+02 -1.110999999999999943e+02
