1.901999999999999886e+02 6.189999999999999858e+01
1.731999999999999886e+02 1.000000000000000000e+02
2.720000000000000000e+02 1.155000000000000000e+02
1.960000000000000000e+02 3.989999999999999858e+01
1.990999999999999943e+02 1.919999999999999929e+01
2.214000000000000057e+02 7.700000000000000178e+00
1.955999999999999943e+02 -4.160000000000000142e+01
2.018000000000000114e+02 -4.839999999999999858e+01
2.238000000000000114e+02 -1.092000000000000028e+02
1.924000000000000057e+02 -1.110999999999999943e+02
