2.270999999999999943e+02 1.310999999999999943e+02
1.765999999999999943e+02 9.390000000000000568e+01
1.860999999999999943e+02 7.329999999999999716e+01
2.558000000000000114e+02 5.200000000000000000e+01
2.369000000000000057e+02 3.539999999999999858e+01
2.360000000000000000e+02 -4.099999999999999645e+00
2.215000000000000000e+02 -3.310000000000000142e+01
2.379000000000000057e+02 -6.820000000000000284e+01
2.828000000000000114e+02 -1.000999999999999943e+02
2.326999999999999886e+02 -1.344000000000000057e+02
