1.901999999999999886e+02 6.189999999999999858e+01
2.281999999999999886e+02 1.137999999999999972e+02
2.291999999999999886e+02 7.450000000000000000e+01
2.663000000000000114e+02 7.640000000000000568e+01
2.034000000000000057e+02 1.600000000000000000e+01
2.500000000000000000e+02 4.400000000000000355e+00
2.866000000000000227e+02 -3.270000000000000284e+01
2.118000000000000114e+02 -7.290000000000000568e+01
1.976999999999999886e+02 -8.190000000000000568e+01
1.924000000000000057e+02 -1.110999999999999943e+02
