1.901999999999999886e+02 6.189999999999999858e+01
1.740999999999999943e+02 9.850000000000000000e+01
2.591000000000000227e+02 1.047000000000000028e+02
1.923000000000000114e+02 5.510000000000000142e+01
2.243000000000000114e+02 2.750000000000000000e+01
2.169000000000000057e+02 5.700000000000000178e+00
1.993000000000000114e+02 -3.870000000000000284e+01
2.318000000000000114e+02 -7.309999999999999432e+01
1.854000000000000057e+02 -7.490000000000000568e+01
1.924000000000000057e+02 -1.110999999999999943e+02
