2.146999999999999886e+02 1.240000000000000000e+02
2.283000000000000114e+02 9.929999999999999716e+01
2.791000000000000227e+02 1.100000000000000000e+02
1.960000000000000000e+02 3.989999999999999858e+01
2.716000000000000227e+02 4.300000000000000000e+01
2.998000000000000114e+02 1.050000000000000000e+01
2.414000000000000057e+02 -3.180000000000000071e+01
2.504000000000000057e+02 -7.890000000000000568e+01
2.708000000000000114e+02 -1.291999999999999886e+02
2.200999999999999943e+02 -1.270000000000000000e+02
