1.901999999999999886e+02 6.189999999999999858e+01
1.863000000000000114e+02 1.054000000000000057e+02
2.364000000000000057e+02 9.550000000000000000e+01
2.053000000000000114e+02 4.179999999999999716e+01
2.018000000000000114e+02 8.800000000000000711e+00
2.164000000000000057e+02 7.599999999999999645e+00
1.955999999999999943e+02 -4.160000000000000142e+01
2.333000000000000114e+02 -4.960000000000000142e+01
1.860999999999999943e+02 -9.070000000000000284e+01
1.924000000000000057e+02 -1.110999999999999943e+02
