1.901999999999999886e+02 6.189999999999999858e+01
1.923000000000000114e+02 9.170000000000000284e+01
2.075999999999999943e+02 8.809999999999999432e+01
2.144000000000000057e+02 6.150000000000000000e+01
1.990999999999999943e+02 1.919999999999999929e+01
2.290000000000000000e+02 -0.000000000000000000e+00
2.295000000000000000e+02 -4.050000000000000000e+01
2.130000000000000000e+02 -5.310000000000000142e+01
1.941999999999999886e+02 -7.850000000000000000e+01
1.924000000000000057e+02 -1.110999999999999943e+02
