1.901999999999999886e+02 6.189999999999999858e+01
1.781999999999999886e+02 9.079999999999999716e+01
2.698000000000000114e+02 9.029999999999999716e+01
2.095999999999999943e+02 6.010000000000000142e+01
1.994000000000000057e+02 1.569999999999999929e+01
2.064000000000000057e+02 7.200000000000000178e+00
2.806000000000000227e+02 -3.689999999999999858e+01
2.080000000000000000e+02 -7.159999999999999432e+01
2.085999999999999943e+02 -7.590000000000000568e+01
1.924000000000000057e+02 -1.110999999999999943e+02
