1.901999999999999886e+02 6.189999999999999858e+01
1.885000000000000000e+02 1.045000000000000000e+02
2.420999999999999943e+02 1.002999999999999972e+02
2.095000000000000000e+02 4.839999999999999858e+01
1.989000000000000057e+02 2.089999999999999858e+01
1.999000000000000057e+02 5.200000000000000178e+00
2.068000000000000114e+02 -3.650000000000000000e+01
2.013000000000000114e+02 -4.829999999999999716e+01
1.813000000000000114e+02 -8.450000000000000000e+01
1.924000000000000057e+02 -1.110999999999999943e+02
