1.901999999999999886e+02 6.189999999999999858e+01
1.805999999999999943e+02 9.600000000000000000e+01
2.740000000000000000e+02 1.052000000000000028e+02
1.949000000000000057e+02 4.500000000000000000e+01
2.515000000000000000e+02 2.200000000000000000e+01
2.555000000000000000e+02 -2.200000000000000178e+00
2.808999999999999773e+02 -4.200000000000000000e+01
1.931999999999999886e+02 -5.179999999999999716e+01
2.164000000000000057e+02 -8.090000000000000568e+01
1.924000000000000057e+02 -1.110999999999999943e+02
