1.901999999999999886e+02 6.189999999999999858e+01
1.790000000000000000e+02 8.920000000000000284e+01
2.458000000000000114e+02 1.042999999999999972e+02
2.264000000000000057e+02 6.490000000000000568e+01
2.225999999999999943e+02 1.359999999999999964e+01
2.149000000000000057e+02 7.500000000000000000e+00
1.970000000000000000e+02 -3.470000000000000284e+01
1.949000000000000057e+02 -4.500000000000000000e+01
1.965999999999999943e+02 -7.940000000000000568e+01
1.924000000000000057e+02 -1.110999999999999943e+02
