2.200000000000000000e+02 1.270000000000000000e+02
2.300999999999999943e+02 1.067999999999999972e+02
2.116999999999999886e+02 7.059999999999999432e+01
2.586000000000000227e+02 4.929999999999999716e+01
2.283000000000000114e+02 1.950000000000000000e+01
2.515000000000000000e+02 8.199999999999999289e+00
2.933000000000000114e+02 -3.250000000000000000e+01
2.405999999999999943e+02 -7.879999999999999716e+01
2.565000000000000000e+02 -1.149000000000000057e+02
1.800999999999999943e+02 -8.690000000000000568e+01
