1.901999999999999886e+02 6.189999999999999858e+01
2.253000000000000114e+02 1.172999999999999972e+02
2.145000000000000000e+02 6.970000000000000284e+01
2.158000000000000114e+02 6.189999999999999858e+01
2.034000000000000057e+02 7.099999999999999645e+00
1.999000000000000057e+02 7.000000000000000000e+00
2.945000000000000000e+02 -3.879999999999999716e+01
2.245999999999999943e+02 -7.729999999999999716e+01
2.278000000000000114e+02 -1.110999999999999943e+02
1.924000000000000057e+02 -1.110999999999999943e+02
