1.901999999999999886e+02 6.189999999999999858e+01
2.255999999999999943e+02 1.301999999999999886e+02
2.429000000000000057e+02 7.429999999999999716e+01
2.188000000000000114e+02 5.250000000000000000e+01
2.293000000000000114e+02 1.800000000000000000e+01
2.000000000000000000e+02 -1.699999999999999956e+00
2.706999999999999886e+02 -3.080000000000000071e+01
2.224000000000000057e+02 -7.440000000000000568e+01
2.628999999999999773e+02 -1.281999999999999886e+02
1.924000000000000057e+02 -1.110999999999999943e+02
