1.901999999999999886e+02 6.189999999999999858e+01
1.840000000000000000e+02 9.370000000000000284e+01
2.236999999999999886e+02 9.490000000000000568e+01
2.688999999999999773e+02 7.459999999999999432e+01
1.994000000000000057e+02 1.569999999999999929e+01
2.239000000000000057e+02 7.799999999999999822e+00
2.775000000000000000e+02 -2.919999999999999929e+01
1.890999999999999943e+02 -6.509999999999999432e+01
2.089000000000000057e+02 -8.229999999999999716e+01
1.924000000000000057e+02 -1.110999999999999943e+02
