1.901999999999999886e+02 6.189999999999999858e+01
1.758000000000000114e+02 1.015000000000000000e+02
2.445999999999999943e+02 7.009999999999999432e+01
2.593999999999999773e+02 6.950000000000000000e+01
1.998000000000000114e+02 8.699999999999999289e+00
2.000000000000000000e+02 -3.500000000000000000e+00
2.973000000000000114e+02 -3.650000000000000000e+01
1.901999999999999886e+02 -6.179999999999999716e+01
2.160000000000000000e+02 -9.390000000000000568e+01
1.924000000000000057e+02 -1.110999999999999943e+02
