1.901999999999999886e+02 6.189999999999999858e+01
1.731999999999999886e+02 1.000000000000000000e+02
2.418000000000000114e+02 9.279999999999999716e+01
2.004000000000000057e+02 5.560000000000000142e+01
2.340999999999999943e+02 2.050000000000000000e+01
2.565000000000000000e+02 2.200000000000000178e+00
2.143000000000000114e+02 -3.970000000000000284e+01
1.890999999999999943e+02 -6.509999999999999432e+01
1.826999999999999886e+02 -8.129999999999999716e+01
1.924000000000000057e+02 -1.110999999999999943e+02
