1.901999999999999886e+02 6.189999999999999858e+01
1.981999999999999886e+02 1.032000000000000028e+02
2.518000000000000114e+02 1.069000000000000057e+02
2.375000000000000000e+02 6.590000000000000568e+01
2.359000000000000057e+02 8.199999999999999289e+00
2.124000000000000057e+02 7.400000000000000355e+00
2.109000000000000057e+02 -3.910000000000000142e+01
1.935999999999999943e+02 -5.010000000000000142e+01
2.038000000000000114e+02 -8.029999999999999716e+01
1.924000000000000057e+02 -1.110999999999999943e+02
