1.901999999999999886e+02 6.189999999999999858e+01
1.996999999999999886e+02 1.130000000000000000e+02
2.273000000000000114e+02 7.390000000000000568e+01
2.330999999999999943e+02 6.679999999999999716e+01
2.258000000000000114e+02 1.780000000000000071e+01
2.030000000000000000e+02 1.800000000000000044e+00
2.205999999999999943e+02 -4.689999999999999858e+01
2.240999999999999943e+02 -4.970000000000000284e+01
1.860999999999999943e+02 -7.329999999999999716e+01
1.924000000000000057e+02 -1.110999999999999943e+02
