1.901999999999999886e+02 6.189999999999999858e+01
2.048000000000000114e+02 1.182000000000000028e+02
2.883999999999999773e+02 8.270000000000000284e+01
2.489000000000000057e+02 5.289999999999999858e+01
2.004000000000000057e+02 7.000000000000000000e+00
2.545000000000000000e+02 4.400000000000000355e+00
1.991999999999999886e+02 -1.739999999999999858e+01
1.930999999999999943e+02 -6.270000000000000284e+01
1.890999999999999943e+02 -6.509999999999999432e+01
1.924000000000000057e+02 -1.110999999999999943e+02
