1.901999999999999886e+02 6.189999999999999858e+01
1.930999999999999943e+02 1.115000000000000000e+02
2.665000000000000000e+02 1.130999999999999943e+02
2.075000000000000000e+02 4.789999999999999858e+01
1.995000000000000000e+02 1.400000000000000000e+01
1.999000000000000057e+02 5.200000000000000178e+00
1.960000000000000000e+02 -3.989999999999999858e+01
2.319000000000000057e+02 -5.779999999999999716e+01
2.039000000000000057e+02 -9.509999999999999432e+01
1.924000000000000057e+02 -1.110999999999999943e+02
