1.901999999999999886e+02 6.189999999999999858e+01
1.906999999999999886e+02 1.014000000000000057e+02
2.485000000000000000e+02 1.055000000000000000e+02
2.245000000000000000e+02 6.440000000000000568e+01
2.266999999999999886e+02 1.190000000000000036e+01
2.119000000000000057e+02 7.400000000000000355e+00
2.035000000000000000e+02 -3.220000000000000284e+01
2.013000000000000114e+02 -5.020000000000000284e+01
2.179000000000000057e+02 -9.700000000000000000e+01
1.924000000000000057e+02 -1.110999999999999943e+02
