1.901999999999999886e+02 6.189999999999999858e+01
1.781999999999999886e+02 9.079999999999999716e+01
2.458000000000000114e+02 1.042999999999999972e+02
2.543000000000000114e+02 7.290000000000000568e+01
2.309000000000000057e+02 8.099999999999999645e+00
2.250000000000000000e+02 3.899999999999999911e+00
1.955999999999999943e+02 -4.160000000000000142e+01
1.949000000000000057e+02 -4.500000000000000000e+01
1.834000000000000057e+02 -7.970000000000000284e+01
1.924000000000000057e+02 -1.110999999999999943e+02
