1.901999999999999886e+02 6.189999999999999858e+01
1.758000000000000114e+02 9.540000000000000568e+01
2.668999999999999773e+02 1.132999999999999972e+02
2.060999999999999943e+02 4.760000000000000142e+01
1.989000000000000057e+02 2.089999999999999858e+01
2.014000000000000057e+02 7.000000000000000000e+00
1.955999999999999943e+02 -4.160000000000000142e+01
1.913000000000000114e+02 -5.850000000000000000e+01
1.986999999999999886e+02 -7.229999999999999716e+01
1.924000000000000057e+02 -1.110999999999999943e+02
