1.901999999999999886e+02 6.189999999999999858e+01
2.345999999999999943e+02 1.220999999999999943e+02
2.039000000000000057e+02 6.820000000000000284e+01
2.600000000000000000e+02 6.479999999999999716e+01
2.255999999999999943e+02 1.380000000000000071e+01
2.000000000000000000e+02 -1.699999999999999956e+00
2.620000000000000000e+02 -3.220000000000000284e+01
1.896999999999999886e+02 -6.350000000000000000e+01
2.238000000000000114e+02 -1.092000000000000028e+02
1.924000000000000057e+02 -1.110999999999999943e+02
