1.901999999999999886e+02 6.189999999999999858e+01
2.290999999999999943e+02 1.321999999999999886e+02
2.514000000000000057e+02 7.209999999999999432e+01
2.225999999999999943e+02 6.170000000000000284e+01
2.279000000000000057e+02 8.000000000000000000e+00
2.354000000000000057e+02 8.199999999999999289e+00
2.439000000000000057e+02 -2.780000000000000071e+01
1.984000000000000057e+02 -6.070000000000000284e+01
2.086999999999999886e+02 -9.290000000000000568e+01
1.924000000000000057e+02 -1.110999999999999943e+02
