1.901999999999999886e+02 6.189999999999999858e+01
1.901999999999999886e+02 9.690000000000000568e+01
2.545000000000000000e+02 1.054000000000000057e+02
2.195999999999999943e+02 6.300000000000000000e+01
2.324000000000000057e+02 8.099999999999999645e+00
1.999000000000000057e+02 7.000000000000000000e+00
1.963000000000000114e+02 -3.820000000000000284e+01
1.940999999999999943e+02 -4.839999999999999858e+01
1.843000000000000114e+02 -8.009999999999999432e+01
1.924000000000000057e+02 -1.110999999999999943e+02
