1.901999999999999886e+02 6.189999999999999858e+01
2.018000000000000114e+02 9.840000000000000568e+01
2.128000000000000114e+02 6.509999999999999432e+01
2.420000000000000000e+02 6.479999999999999716e+01
2.288000000000000114e+02 1.800000000000000000e+01
2.645000000000000000e+02 2.299999999999999822e+00
2.535000000000000000e+02 -2.219999999999999929e+01
1.890999999999999943e+02 -6.509999999999999432e+01
2.235999999999999943e+02 -8.579999999999999716e+01
1.924000000000000057e+02 -1.110999999999999943e+02
