1.901999999999999886e+02 6.189999999999999858e+01
1.813000000000000114e+02 9.240000000000000568e+01
2.601999999999999886e+02 9.209999999999999432e+01
2.381999999999999886e+02 5.500000000000000000e+01
2.230999999999999943e+02 1.950000000000000000e+01
2.000000000000000000e+02 3.500000000000000000e+00
2.043000000000000114e+02 -3.600000000000000000e+01
2.168000000000000114e+02 -6.010000000000000142e+01
2.140999999999999943e+02 -9.309999999999999432e+01
1.924000000000000057e+02 -1.110999999999999943e+02
