1.901999999999999886e+02 6.189999999999999858e+01
2.099000000000000057e+02 8.909999999999999432e+01
2.636999999999999886e+02 1.119000000000000057e+02
1.961999999999999886e+02 4.350000000000000000e+01
2.183000000000000114e+02 2.289999999999999858e+01
2.134000000000000057e+02 7.500000000000000000e+00
2.595000000000000000e+02 -3.650000000000000000e+01
1.949000000000000057e+02 -4.500000000000000000e+01
1.910000000000000000e+02 -7.720000000000000284e+01
1.924000000000000057e+02 -1.110999999999999943e+02
