1.901999999999999886e+02 6.189999999999999858e+01
1.854000000000000057e+02 1.007000000000000028e+02
2.315000000000000000e+02 9.829999999999999716e+01
2.379000000000000057e+02 6.820000000000000284e+01
2.130999999999999943e+02 1.300000000000000000e+01
1.999000000000000057e+02 7.000000000000000000e+00
1.973000000000000114e+02 -3.300000000000000000e+01
1.949000000000000057e+02 -4.500000000000000000e+01
2.050999999999999943e+02 -9.129999999999999716e+01
1.924000000000000057e+02 -1.110999999999999943e+02
