1.901999999999999886e+02 6.189999999999999858e+01
1.785999999999999943e+02 9.100000000000000000e+01
2.390000000000000000e+02 8.459999999999999432e+01
1.995000000000000000e+02 5.529999999999999716e+01
2.690000000000000000e+02 2.830000000000000071e+01
2.339000000000000057e+02 8.199999999999999289e+00
2.496999999999999886e+02 -4.629999999999999716e+01
1.945000000000000000e+02 -4.670000000000000284e+01
2.316999999999999886e+02 -7.979999999999999716e+01
1.924000000000000057e+02 -1.110999999999999943e+02
