1.901999999999999886e+02 6.189999999999999858e+01
1.898000000000000114e+02 1.052000000000000028e+02
2.411999999999999886e+02 1.024000000000000057e+02
2.154000000000000057e+02 5.370000000000000284e+01
1.991999999999999886e+02 1.739999999999999858e+01
1.999000000000000057e+02 7.000000000000000000e+00
2.021999999999999886e+02 -3.379999999999999716e+01
1.940999999999999943e+02 -4.839999999999999858e+01
1.931999999999999886e+02 -8.600000000000000000e+01
1.924000000000000057e+02 -1.110999999999999943e+02
