1.901999999999999886e+02 6.189999999999999858e+01
1.774000000000000057e+02 9.229999999999999716e+01
2.458000000000000114e+02 1.042999999999999972e+02
2.309000000000000057e+02 5.329999999999999716e+01
1.994000000000000057e+02 1.569999999999999929e+01
1.999000000000000057e+02 5.200000000000000178e+00
1.970000000000000000e+02 -3.470000000000000284e+01
1.935999999999999943e+02 -5.010000000000000142e+01
2.014000000000000057e+02 -8.340000000000000568e+01
1.924000000000000057e+02 -1.110999999999999943e+02
