2.044000000000000057e+02 1.180000000000000000e+02
2.498000000000000114e+02 1.137999999999999972e+02
2.505999999999999943e+02 8.629999999999999716e+01
2.688000000000000114e+02 6.700000000000000000e+01
2.600000000000000000e+02 2.269999999999999929e+01
2.440999999999999943e+02 -2.139999999999999858e+01
1.955999999999999943e+02 -4.160000000000000142e+01
2.861000000000000227e+02 -9.020000000000000284e+01
2.380999999999999943e+02 -9.140000000000000568e+01
2.345000000000000000e+02 -1.354000000000000057e+02
