1.901999999999999886e+02 6.189999999999999858e+01
1.863000000000000114e+02 1.032999999999999972e+02
2.581999999999999886e+02 1.042999999999999972e+02
2.090999999999999943e+02 5.410000000000000142e+01
2.011999999999999886e+02 1.760000000000000142e+01
1.999000000000000057e+02 7.000000000000000000e+00
2.015000000000000000e+02 -3.189999999999999858e+01
1.935999999999999943e+02 -5.010000000000000142e+01
1.940000000000000000e+02 -8.429999999999999716e+01
1.924000000000000057e+02 -1.110999999999999943e+02
