1.901999999999999886e+02 6.189999999999999858e+01
2.070000000000000000e+02 1.124000000000000057e+02
2.271999999999999886e+02 9.179999999999999716e+01
2.056999999999999886e+02 5.510000000000000142e+01
2.170999999999999943e+02 1.330000000000000071e+01
2.125000000000000000e+02 1.899999999999999911e+00
2.179000000000000057e+02 -3.060000000000000142e+01
1.890999999999999943e+02 -6.509999999999999432e+01
1.916999999999999886e+02 -7.940000000000000568e+01
1.924000000000000057e+02 -1.110999999999999943e+02
