1.901999999999999886e+02 6.189999999999999858e+01
1.830000000000000000e+02 9.120000000000000284e+01
2.518000000000000114e+02 1.069000000000000057e+02
2.014000000000000057e+02 5.400000000000000000e+01
2.101999999999999886e+02 1.839999999999999858e+01
2.000000000000000000e+02 1.699999999999999956e+00
1.970000000000000000e+02 -3.470000000000000284e+01
1.890999999999999943e+02 -6.509999999999999432e+01
1.951999999999999886e+02 -7.890000000000000568e+01
1.924000000000000057e+02 -1.110999999999999943e+02
