1.901999999999999886e+02 6.189999999999999858e+01
1.810000000000000000e+02 1.024000000000000057e+02
2.264000000000000057e+02 9.609999999999999432e+01
2.269000000000000057e+02 6.289999999999999858e+01
1.986999999999999886e+02 2.260000000000000142e+01
2.044000000000000057e+02 7.099999999999999645e+00
1.973000000000000114e+02 -3.300000000000000000e+01
1.940999999999999943e+02 -4.839999999999999858e+01
1.895999999999999943e+02 -8.440000000000000568e+01
1.924000000000000057e+02 -1.110999999999999943e+02
