1.901999999999999886e+02 6.189999999999999858e+01
1.903000000000000114e+02 1.032999999999999972e+02
2.415999999999999943e+02 1.000999999999999943e+02
2.235999999999999943e+02 5.779999999999999716e+01
1.995999999999999943e+02 1.219999999999999929e+01
2.000000000000000000e+02 3.500000000000000000e+00
2.100999999999999943e+02 -3.520000000000000284e+01
1.950999999999999943e+02 -5.050000000000000000e+01
1.850000000000000000e+02 -8.240000000000000568e+01
1.924000000000000057e+02 -1.110999999999999943e+02
