1.901999999999999886e+02 6.189999999999999858e+01
2.009000000000000057e+02 9.800000000000000000e+01
2.245000000000000000e+02 9.300000000000000000e+01
2.221999999999999886e+02 5.750000000000000000e+01
2.435000000000000000e+02 1.490000000000000036e+01
1.999000000000000057e+02 7.000000000000000000e+00
1.975000000000000000e+02 -3.130000000000000071e+01
2.011999999999999886e+02 -4.650000000000000000e+01
2.134000000000000057e+02 -8.840000000000000568e+01
1.924000000000000057e+02 -1.110999999999999943e+02
