1.901999999999999886e+02 6.189999999999999858e+01
1.970000000000000000e+02 1.137000000000000028e+02
2.415999999999999943e+02 1.025999999999999943e+02
2.105999999999999943e+02 5.839999999999999858e+01
2.016999999999999886e+02 1.760000000000000142e+01
2.164000000000000057e+02 7.599999999999999645e+00
1.970000000000000000e+02 -3.470000000000000284e+01
1.990000000000000000e+02 -5.150000000000000000e+01
1.891999999999999886e+02 -8.029999999999999716e+01
1.924000000000000057e+02 -1.110999999999999943e+02
