1.901999999999999886e+02 6.189999999999999858e+01
1.765999999999999943e+02 9.390000000000000568e+01
1.965000000000000000e+02 6.010000000000000142e+01
2.419000000000000057e+02 6.709999999999999432e+01
2.134000000000000057e+02 7.500000000000000000e+00
1.999000000000000057e+02 7.000000000000000000e+00
2.973000000000000114e+02 -3.650000000000000000e+01
1.890999999999999943e+02 -6.509999999999999432e+01
2.234000000000000057e+02 -9.940000000000000568e+01
1.924000000000000057e+02 -1.110999999999999943e+02
