1.901999999999999886e+02 6.189999999999999858e+01
1.819000000000000057e+02 1.050000000000000000e+02
2.056999999999999886e+02 8.729999999999999716e+01
1.945000000000000000e+02 4.670000000000000284e+01
2.444000000000000057e+02 2.350000000000000000e+01
2.270000000000000000e+02 -2.000000000000000000e+00
2.039000000000000057e+02 -3.589999999999999858e+01
1.896999999999999886e+02 -6.350000000000000000e+01
1.840999999999999943e+02 -7.809999999999999432e+01
1.924000000000000057e+02 -1.110999999999999943e+02
