1.901999999999999886e+02 6.189999999999999858e+01
1.990999999999999943e+02 1.037000000000000028e+02
2.205000000000000000e+02 8.690000000000000568e+01
2.366999999999999886e+02 6.339999999999999858e+01
2.095999999999999943e+02 1.280000000000000071e+01
2.000000000000000000e+02 3.500000000000000000e+00
1.960000000000000000e+02 -3.989999999999999858e+01
2.090999999999999943e+02 -5.210000000000000142e+01
2.114000000000000057e+02 -9.190000000000000568e+01
1.924000000000000057e+02 -1.110999999999999943e+02
