1.901999999999999886e+02 6.189999999999999858e+01
1.758000000000000114e+02 9.540000000000000568e+01
2.245999999999999943e+02 9.529999999999999716e+01
2.318000000000000114e+02 6.429999999999999716e+01
2.118000000000000114e+02 9.199999999999999289e+00
1.999000000000000057e+02 7.000000000000000000e+00
1.960000000000000000e+02 -3.989999999999999858e+01
2.056999999999999886e+02 -4.939999999999999858e+01
2.175999999999999943e+02 -9.009999999999999432e+01
1.924000000000000057e+02 -1.110999999999999943e+02
