1.901999999999999886e+02 6.189999999999999858e+01
1.854000000000000057e+02 1.007000000000000028e+02
2.370000000000000000e+02 1.005999999999999943e+02
1.923000000000000114e+02 5.510000000000000142e+01
1.994000000000000057e+02 1.569999999999999929e+01
2.109000000000000057e+02 5.500000000000000000e+00
1.986999999999999886e+02 -2.260000000000000142e+01
1.890999999999999943e+02 -6.509999999999999432e+01
1.879000000000000057e+02 -6.840000000000000568e+01
1.924000000000000057e+02 -1.110999999999999943e+02
