1.901999999999999886e+02 6.189999999999999858e+01
1.765999999999999943e+02 9.390000000000000568e+01
2.518000000000000114e+02 1.042999999999999972e+02
2.316999999999999886e+02 6.640000000000000568e+01
2.434000000000000057e+02 8.500000000000000000e+00
2.059000000000000057e+02 7.200000000000000178e+00
2.061999999999999886e+02 -2.710000000000000142e+01
1.931999999999999886e+02 -5.179999999999999716e+01
2.165000000000000000e+02 -9.640000000000000568e+01
1.924000000000000057e+02 -1.110999999999999943e+02
