1.901999999999999886e+02 6.189999999999999858e+01
2.104000000000000057e+02 1.215000000000000000e+02
1.965999999999999943e+02 5.639999999999999858e+01
2.173000000000000114e+02 5.420000000000000284e+01
2.155000000000000000e+02 1.509999999999999964e+01
2.235000000000000000e+02 3.899999999999999911e+00
2.758999999999999773e+02 -2.410000000000000142e+01
2.175000000000000000e+02 -7.490000000000000568e+01
2.490999999999999943e+02 -1.187999999999999972e+02
1.924000000000000057e+02 -1.110999999999999943e+02
