1.901999999999999886e+02 6.189999999999999858e+01
1.805000000000000000e+02 8.609999999999999432e+01
2.451999999999999886e+02 9.909999999999999432e+01
2.240000000000000000e+02 6.420000000000000284e+01
2.231999999999999886e+02 1.169999999999999929e+01
2.259000000000000057e+02 7.900000000000000355e+00
2.145000000000000000e+02 -3.589999999999999858e+01
1.923000000000000114e+02 -5.510000000000000142e+01
1.834000000000000057e+02 -7.970000000000000284e+01
1.924000000000000057e+02 -1.110999999999999943e+02
