1.901999999999999886e+02 6.189999999999999858e+01
1.910999999999999943e+02 9.529999999999999716e+01
2.485000000000000000e+02 1.029000000000000057e+02
2.173000000000000114e+02 6.029999999999999716e+01
2.139000000000000057e+02 7.500000000000000000e+00
2.114000000000000057e+02 7.400000000000000355e+00
1.980999999999999943e+02 -2.780000000000000071e+01
1.935999999999999943e+02 -5.010000000000000142e+01
2.159000000000000057e+02 -9.159999999999999432e+01
1.924000000000000057e+02 -1.110999999999999943e+02
