1.901999999999999886e+02 6.189999999999999858e+01
2.350000000000000000e+02 1.330000000000000000e+02
2.020999999999999943e+02 6.570000000000000284e+01
2.600000000000000000e+02 7.459999999999999432e+01
1.999000000000000057e+02 7.000000000000000000e+00
2.195000000000000000e+02 1.899999999999999911e+00
2.355000000000000000e+02 -2.680000000000000071e+01
1.906999999999999886e+02 -6.010000000000000142e+01
2.161999999999999886e+02 -1.007999999999999972e+02
1.924000000000000057e+02 -1.110999999999999943e+02
