1.901999999999999886e+02 6.189999999999999858e+01
1.781999999999999886e+02 9.079999999999999716e+01
2.810000000000000000e+02 1.050999999999999943e+02
2.425999999999999943e+02 5.600000000000000000e+01
2.993999999999999773e+02 1.830000000000000071e+01
2.334000000000000057e+02 8.099999999999999645e+00
2.346999999999999886e+02 -2.880000000000000071e+01
2.065999999999999943e+02 -7.109999999999999432e+01
1.889000000000000057e+02 -6.870000000000000284e+01
1.924000000000000057e+02 -1.110999999999999943e+02
