1.901999999999999886e+02 6.189999999999999858e+01
2.048000000000000114e+02 1.089000000000000057e+02
2.305999999999999943e+02 9.790000000000000568e+01
2.415000000000000000e+02 6.470000000000000284e+01
2.401999999999999886e+02 1.259999999999999964e+01
2.104000000000000057e+02 7.299999999999999822e+00
1.966999999999999886e+02 -3.639999999999999858e+01
1.965000000000000000e+02 -4.900000000000000000e+01
1.840999999999999943e+02 -7.809999999999999432e+01
1.924000000000000057e+02 -1.110999999999999943e+02
