1.901999999999999886e+02 6.189999999999999858e+01
1.985999999999999943e+02 1.077999999999999972e+02
2.411999999999999886e+02 1.024000000000000057e+02
2.095999999999999943e+02 5.420000000000000284e+01
1.990999999999999943e+02 1.919999999999999929e+01
1.999000000000000057e+02 7.000000000000000000e+00
1.975000000000000000e+02 -3.130000000000000071e+01
2.056999999999999886e+02 -4.939999999999999858e+01
1.835999999999999943e+02 -8.179999999999999716e+01
1.924000000000000057e+02 -1.110999999999999943e+02
