1.901999999999999886e+02 6.189999999999999858e+01
1.731999999999999886e+02 1.000000000000000000e+02
2.613999999999999773e+02 1.110000000000000000e+02
2.251999999999999886e+02 4.170000000000000284e+01
2.029000000000000057e+02 7.099999999999999645e+00
2.059000000000000057e+02 7.200000000000000178e+00
1.970000000000000000e+02 -3.470000000000000284e+01
1.984000000000000057e+02 -6.250000000000000000e+01
2.226999999999999886e+02 -7.670000000000000284e+01
1.924000000000000057e+02 -1.110999999999999943e+02
