1.901999999999999886e+02 6.189999999999999858e+01
1.735999999999999943e+02 1.002000000000000028e+02
2.145999999999999943e+02 7.390000000000000568e+01
2.778000000000000114e+02 7.970000000000000284e+01
1.998000000000000114e+02 8.699999999999999289e+00
1.999000000000000057e+02 7.000000000000000000e+00
2.479000000000000057e+02 -3.260000000000000142e+01
2.270999999999999943e+02 -6.940000000000000568e+01
1.998000000000000114e+02 -9.320000000000000284e+01
1.924000000000000057e+02 -1.110999999999999943e+02
