1.901999999999999886e+02 6.189999999999999858e+01
1.878000000000000114e+02 9.159999999999999432e+01
2.323000000000000114e+02 9.379999999999999716e+01
2.149000000000000057e+02 5.160000000000000142e+01
2.141999999999999886e+02 1.869999999999999929e+01
1.999000000000000057e+02 7.000000000000000000e+00
2.036999999999999886e+02 -3.960000000000000142e+01
2.149000000000000057e+02 -5.360000000000000142e+01
1.990000000000000000e+02 -8.650000000000000000e+01
1.924000000000000057e+02 -1.110999999999999943e+02
