1.901999999999999886e+02 6.189999999999999858e+01
1.786999999999999886e+02 9.300000000000000000e+01
2.291999999999999886e+02 9.729999999999999716e+01
2.074000000000000057e+02 4.410000000000000142e+01
2.195999999999999943e+02 2.500000000000000000e+01
1.999000000000000057e+02 7.000000000000000000e+00
1.955999999999999943e+02 -4.160000000000000142e+01
1.896999999999999886e+02 -6.350000000000000000e+01
2.005999999999999943e+02 -9.140000000000000568e+01
1.924000000000000057e+02 -1.110999999999999943e+02
