1.901999999999999886e+02 6.189999999999999858e+01
1.800999999999999943e+02 1.040000000000000000e+02
2.601000000000000227e+02 1.024000000000000057e+02
2.225000000000000000e+02 6.379999999999999716e+01
2.044000000000000057e+02 1.610000000000000142e+01
2.209000000000000057e+02 7.700000000000000178e+00
2.271999999999999886e+02 -3.600000000000000000e+01
1.890999999999999943e+02 -6.509999999999999432e+01
1.920999999999999943e+02 -7.570000000000000284e+01
1.924000000000000057e+02 -1.110999999999999943e+02
