1.901999999999999886e+02 6.189999999999999858e+01
1.859000000000000057e+02 9.879999999999999716e+01
2.526999999999999886e+02 1.072999999999999972e+02
1.949000000000000057e+02 4.500000000000000000e+01
2.138000000000000114e+02 1.680000000000000071e+01
2.074000000000000057e+02 5.400000000000000355e+00
2.030000000000000000e+02 -4.310000000000000142e+01
2.103000000000000114e+02 -4.470000000000000284e+01
2.000999999999999943e+02 -8.909999999999999432e+01
1.924000000000000057e+02 -1.110999999999999943e+02
