1.901999999999999886e+02 6.189999999999999858e+01
1.758000000000000114e+02 9.540000000000000568e+01
2.439000000000000057e+02 1.035000000000000000e+02
2.245000000000000000e+02 6.440000000000000568e+01
2.119000000000000057e+02 7.400000000000000355e+00
2.179000000000000057e+02 7.599999999999999645e+00
2.066999999999999886e+02 -3.089999999999999858e+01
1.955999999999999943e+02 -5.239999999999999858e+01
2.133000000000000114e+02 -9.500000000000000000e+01
1.924000000000000057e+02 -1.110999999999999943e+02
