1.901999999999999886e+02 6.189999999999999858e+01
1.758000000000000114e+02 9.540000000000000568e+01
2.641999999999999886e+02 1.120999999999999943e+02
2.016999999999999886e+02 3.379999999999999716e+01
2.085000000000000000e+02 1.459999999999999964e+01
2.020000000000000000e+02 3.500000000000000000e+00
2.000000000000000000e+02 -4.250000000000000000e+01
2.339000000000000057e+02 -5.610000000000000142e+01
1.874000000000000057e+02 -9.140000000000000568e+01
1.924000000000000057e+02 -1.110999999999999943e+02
