2.711999999999999886e+02 1.281999999999999886e+02
1.963000000000000114e+02 8.529999999999999716e+01
2.861000000000000227e+02 9.020000000000000284e+01
2.591000000000000227e+02 7.429999999999999716e+01
2.175000000000000000e+02 1.519999999999999929e+01
3.000000000000000000e+02 -2.600000000000000089e+00
2.553000000000000114e+02 -5.429999999999999716e+01
2.125000000000000000e+02 -5.500000000000000000e+01
2.434000000000000057e+02 -1.109000000000000057e+02
1.930000000000000000e+02 -1.114000000000000057e+02
