1.901999999999999886e+02 6.189999999999999858e+01
1.731999999999999886e+02 1.000000000000000000e+02
2.565000000000000000e+02 9.340000000000000568e+01
2.038000000000000114e+02 5.460000000000000142e+01
2.153000000000000114e+02 9.400000000000000355e+00
2.325000000000000000e+02 2.000000000000000000e+00
1.955999999999999943e+02 -4.160000000000000142e+01
1.896999999999999886e+02 -6.350000000000000000e+01
1.953000000000000114e+02 -9.109999999999999432e+01
1.924000000000000057e+02 -1.110999999999999943e+02
