1.920000000000000000e+02 5.610000000000000142e+01
2.351999999999999886e+02 1.199000000000000057e+02
2.306999999999999886e+02 7.940000000000000568e+01
2.950000000000000000e+02 5.470000000000000284e+01
2.300999999999999943e+02 2.010000000000000142e+01
1.991999999999999886e+02 -1.739999999999999858e+01
2.978000000000000114e+02 -3.660000000000000142e+01
2.420999999999999943e+02 -5.810000000000000142e+01
1.980000000000000000e+02 -9.229999999999999716e+01
2.798000000000000114e+02 -1.080999999999999943e+02
