1.901999999999999886e+02 6.189999999999999858e+01
1.981999999999999886e+02 1.075999999999999943e+02
2.374000000000000057e+02 9.829999999999999716e+01
2.260999999999999943e+02 5.639999999999999858e+01
2.016999999999999886e+02 1.760000000000000142e+01
2.109000000000000057e+02 7.400000000000000355e+00
1.970000000000000000e+02 -3.470000000000000284e+01
1.979000000000000057e+02 -4.750000000000000000e+01
1.870999999999999943e+02 -8.129999999999999716e+01
1.924000000000000057e+02 -1.110999999999999943e+02
