1.901999999999999886e+02 6.189999999999999858e+01
2.471999999999999886e+02 1.398000000000000114e+02
2.545000000000000000e+02 9.009999999999999432e+01
2.658000000000000114e+02 7.620000000000000284e+01
1.995000000000000000e+02 1.400000000000000000e+01
2.000000000000000000e+02 0.000000000000000000e+00
2.330000000000000000e+02 -3.069999999999999929e+01
2.041999999999999886e+02 -7.029999999999999716e+01
1.910000000000000000e+02 -8.109999999999999432e+01
1.924000000000000057e+02 -1.110999999999999943e+02
