1.901999999999999886e+02 6.189999999999999858e+01
1.765999999999999943e+02 9.390000000000000568e+01
2.561000000000000227e+02 9.320000000000000284e+01
2.046999999999999886e+02 4.910000000000000142e+01
2.180999999999999943e+02 1.330000000000000071e+01
2.190000000000000000e+02 1.899999999999999911e+00
1.980999999999999943e+02 -2.780000000000000071e+01
2.118000000000000114e+02 -7.290000000000000568e+01
1.885999999999999943e+02 -7.240000000000000568e+01
1.924000000000000057e+02 -1.110999999999999943e+02
