1.901999999999999886e+02 6.189999999999999858e+01
1.978000000000000114e+02 9.859999999999999432e+01
2.221999999999999886e+02 9.200000000000000000e+01
1.931999999999999886e+02 5.179999999999999716e+01
1.995000000000000000e+02 1.400000000000000000e+01
2.284000000000000057e+02 8.000000000000000000e+00
1.978000000000000114e+02 -2.960000000000000142e+01
2.249000000000000057e+02 -7.309999999999999432e+01
1.854000000000000057e+02 -7.490000000000000568e+01
1.924000000000000057e+02 -1.110999999999999943e+02
