1.901999999999999886e+02 6.189999999999999858e+01
1.915000000000000000e+02 1.082999999999999972e+02
2.480999999999999943e+02 1.027999999999999972e+02
2.280000000000000000e+02 5.900000000000000000e+01
1.989000000000000057e+02 2.089999999999999858e+01
2.054000000000000057e+02 5.400000000000000355e+00
1.995000000000000000e+02 -3.160000000000000142e+01
1.980000000000000000e+02 -5.120000000000000284e+01
1.868000000000000114e+02 -8.320000000000000284e+01
1.924000000000000057e+02 -1.110999999999999943e+02
