1.901999999999999886e+02 6.189999999999999858e+01
1.835000000000000000e+02 9.150000000000000000e+01
2.451999999999999886e+02 9.909999999999999432e+01
2.454000000000000057e+02 6.350000000000000000e+01
2.359000000000000057e+02 8.199999999999999289e+00
2.024000000000000057e+02 7.099999999999999645e+00
1.984000000000000057e+02 -4.039999999999999858e+01
1.979000000000000057e+02 -4.939999999999999858e+01
2.090999999999999943e+02 -9.090000000000000568e+01
1.924000000000000057e+02 -1.110999999999999943e+02
