1.901999999999999886e+02 6.189999999999999858e+01
1.898000000000000114e+02 1.052000000000000028e+02
2.163000000000000114e+02 9.179999999999999716e+01
2.226999999999999886e+02 5.760000000000000142e+01
2.380999999999999943e+02 2.080000000000000071e+01
2.095000000000000000e+02 0.000000000000000000e+00
2.263000000000000114e+02 -4.400000000000000000e+01
1.901999999999999886e+02 -6.179999999999999716e+01
1.798000000000000114e+02 -8.770000000000000284e+01
1.924000000000000057e+02 -1.110999999999999943e+02
