1.901999999999999886e+02 6.189999999999999858e+01
1.774000000000000057e+02 9.229999999999999716e+01
2.665000000000000000e+02 1.130999999999999943e+02
1.931999999999999886e+02 5.179999999999999716e+01
2.186999999999999886e+02 1.910000000000000142e+01
2.055000000000000000e+02 0.000000000000000000e+00
1.985000000000000000e+02 -2.439999999999999858e+01
1.890999999999999943e+02 -6.509999999999999432e+01
1.885000000000000000e+02 -6.679999999999999716e+01
1.924000000000000057e+02 -1.110999999999999943e+02
