1.901999999999999886e+02 6.189999999999999858e+01
1.765999999999999943e+02 9.390000000000000568e+01
2.264000000000000057e+02 9.609999999999999432e+01
2.408000000000000114e+02 6.900000000000000000e+01
2.166999999999999886e+02 1.140000000000000036e+01
2.000000000000000000e+02 3.500000000000000000e+00
2.035000000000000000e+02 -3.220000000000000284e+01
2.056999999999999886e+02 -5.510000000000000142e+01
2.076999999999999886e+02 -9.029999999999999716e+01
1.924000000000000057e+02 -1.110999999999999943e+02
