2.586999999999999886e+02 1.493000000000000114e+02
1.828000000000000114e+02 9.720000000000000284e+01
2.379000000000000057e+02 8.900000000000000000e+01
1.998000000000000114e+02 3.879999999999999716e+01
1.986999999999999886e+02 2.260000000000000142e+01
2.508000000000000114e+02 8.800000000000000711e+00
2.309000000000000057e+02 -4.070000000000000284e+01
2.868999999999999773e+02 -8.770000000000000284e+01
2.490000000000000000e+02 -1.030999999999999943e+02
2.626000000000000227e+02 -1.450000000000000000e+02
