1.901999999999999886e+02 6.189999999999999858e+01
1.749000000000000057e+02 9.700000000000000000e+01
2.706999999999999886e+02 1.039000000000000057e+02
2.255999999999999943e+02 5.210000000000000142e+01
1.986999999999999886e+02 2.260000000000000142e+01
1.999000000000000057e+02 5.200000000000000178e+00
1.963000000000000114e+02 -3.820000000000000284e+01
2.080000000000000000e+02 -7.159999999999999432e+01
1.860999999999999943e+02 -7.329999999999999716e+01
1.924000000000000057e+02 -1.110999999999999943e+02
