1.901999999999999886e+02 6.189999999999999858e+01
1.870999999999999943e+02 1.080000000000000000e+02
2.198000000000000114e+02 6.929999999999999716e+01
2.821000000000000227e+02 7.559999999999999432e+01
2.154000000000000057e+02 7.500000000000000000e+00
1.999000000000000057e+02 7.000000000000000000e+00
2.350999999999999943e+02 -2.060000000000000142e+01
1.913000000000000114e+02 -5.850000000000000000e+01
2.453000000000000114e+02 -1.067000000000000028e+02
1.924000000000000057e+02 -1.110999999999999943e+02
