1.901999999999999886e+02 6.189999999999999858e+01
1.813000000000000114e+02 9.240000000000000568e+01
2.056999999999999886e+02 5.900000000000000000e+01
2.583999999999999773e+02 6.920000000000000284e+01
1.996999999999999886e+02 1.050000000000000000e+01
2.558000000000000114e+02 8.900000000000000355e+00
2.620000000000000000e+02 -2.289999999999999858e+01
1.901999999999999886e+02 -6.179999999999999716e+01
1.885000000000000000e+02 -6.679999999999999716e+01
1.924000000000000057e+02 -1.110999999999999943e+02
