2.125000000000000000e+02 1.227000000000000028e+02
2.178000000000000114e+02 1.134000000000000057e+02
2.440999999999999943e+02 8.650000000000000000e+01
2.450000000000000000e+02 5.210000000000000142e+01
2.998000000000000114e+02 1.050000000000000000e+01
2.330000000000000000e+02 -4.099999999999999645e+00
2.083000000000000114e+02 -3.670000000000000284e+01
2.458000000000000114e+02 -6.590000000000000568e+01
2.346999999999999886e+02 -9.720000000000000284e+01
2.678999999999999773e+02 -1.350000000000000000e+02
