2.044000000000000057e+02 1.180000000000000000e+02
1.981999999999999886e+02 9.879999999999999716e+01
2.106999999999999886e+02 8.300000000000000000e+01
1.923000000000000114e+02 5.510000000000000142e+01
2.299000000000000057e+02 2.210000000000000142e+01
2.590000000000000000e+02 -0.000000000000000000e+00
2.509000000000000057e+02 -2.860000000000000142e+01
2.455999999999999943e+02 -7.740000000000000568e+01
2.485000000000000000e+02 -1.055000000000000000e+02
2.345000000000000000e+02 -1.354000000000000057e+02
