1.901999999999999886e+02 6.189999999999999858e+01
1.911999999999999886e+02 1.015999999999999943e+02
2.338000000000000114e+02 9.920000000000000284e+01
2.470000000000000000e+02 7.079999999999999716e+01
2.266999999999999886e+02 1.190000000000000036e+01
1.999000000000000057e+02 7.000000000000000000e+00
1.966999999999999886e+02 -3.639999999999999858e+01
1.940999999999999943e+02 -4.839999999999999858e+01
2.044000000000000057e+02 -8.670000000000000284e+01
1.924000000000000057e+02 -1.110999999999999943e+02
