1.901999999999999886e+02 6.189999999999999858e+01
1.800999999999999943e+02 1.040000000000000000e+02
2.770000000000000000e+02 9.540000000000000568e+01
2.285000000000000000e+02 5.910000000000000142e+01
2.776000000000000227e+02 2.189999999999999858e+01
2.090000000000000000e+02 1.800000000000000044e+00
2.195000000000000000e+02 -2.110000000000000142e+01
1.890999999999999943e+02 -6.509999999999999432e+01
1.854000000000000057e+02 -7.490000000000000568e+01
1.924000000000000057e+02 -1.110999999999999943e+02
