1.901999999999999886e+02 6.189999999999999858e+01
2.195000000000000000e+02 1.142999999999999972e+02
2.435000000000000000e+02 1.032999999999999972e+02
2.008000000000000114e+02 4.820000000000000284e+01
2.963000000000000114e+02 4.689999999999999858e+01
2.883000000000000114e+02 1.009999999999999964e+01
2.641000000000000227e+02 -5.370000000000000284e+01
1.949000000000000057e+02 -4.500000000000000000e+01
2.695000000000000000e+02 -9.279999999999999716e+01
1.924000000000000057e+02 -1.110999999999999943e+02
