1.901999999999999886e+02 6.189999999999999858e+01
1.828000000000000114e+02 9.720000000000000284e+01
2.550000000000000000e+02 1.055999999999999943e+02
2.148000000000000114e+02 4.960000000000000142e+01
1.991999999999999886e+02 1.739999999999999858e+01
2.034000000000000057e+02 7.099999999999999645e+00
2.015999999999999943e+02 -3.739999999999999858e+01
2.028000000000000114e+02 -5.060000000000000142e+01
1.865999999999999943e+02 -7.729999999999999716e+01
1.924000000000000057e+02 -1.110999999999999943e+02
