1.901999999999999886e+02 6.189999999999999858e+01
1.826999999999999886e+02 9.509999999999999432e+01
2.135999999999999943e+02 9.059999999999999432e+01
2.095999999999999943e+02 5.420000000000000284e+01
2.141999999999999886e+02 1.119999999999999929e+01
1.999000000000000057e+02 7.000000000000000000e+00
1.966999999999999886e+02 -3.639999999999999858e+01
2.216999999999999886e+02 -5.320000000000000284e+01
1.911999999999999886e+02 -7.529999999999999716e+01
1.924000000000000057e+02 -1.110999999999999943e+02
