2.270999999999999943e+02 1.310999999999999943e+02
1.920999999999999943e+02 8.959999999999999432e+01
1.980999999999999943e+02 6.820000000000000284e+01
2.743999999999999773e+02 7.870000000000000284e+01
1.990999999999999943e+02 1.919999999999999929e+01
2.446999999999999886e+02 -1.930000000000000071e+01
1.983000000000000114e+02 -2.610000000000000142e+01
2.553000000000000114e+02 -5.429999999999999716e+01
2.355000000000000000e+02 -9.520000000000000284e+01
2.326999999999999886e+02 -1.344000000000000057e+02
