1.901999999999999886e+02 6.189999999999999858e+01
1.805000000000000000e+02 8.609999999999999432e+01
2.143000000000000114e+02 8.220000000000000284e+01
2.139000000000000057e+02 5.139999999999999858e+01
1.995000000000000000e+02 1.400000000000000000e+01
2.379000000000000057e+02 8.300000000000000711e+00
2.160000000000000000e+02 -4.200000000000000000e+01
2.070999999999999943e+02 -6.129999999999999716e+01
2.068000000000000114e+02 -7.940000000000000568e+01
1.924000000000000057e+02 -1.110999999999999943e+02
