1.901999999999999886e+02 6.189999999999999858e+01
1.781999999999999886e+02 9.079999999999999716e+01
2.411999999999999886e+02 1.024000000000000057e+02
1.979000000000000057e+02 4.939999999999999858e+01
1.990999999999999943e+02 1.919999999999999929e+01
2.179000000000000057e+02 5.700000000000000178e+00
1.955999999999999943e+02 -4.160000000000000142e+01
2.060999999999999943e+02 -7.100000000000000000e+01
2.125000000000000000e+02 -8.800000000000000000e+01
1.924000000000000057e+02 -1.110999999999999943e+02
