1.901999999999999886e+02 6.189999999999999858e+01
1.805999999999999943e+02 1.022000000000000028e+02
2.600000000000000000e+02 1.104000000000000057e+02
2.056999999999999886e+02 5.129999999999999716e+01
1.990999999999999943e+02 1.919999999999999929e+01
2.000000000000000000e+02 3.500000000000000000e+00
2.095999999999999943e+02 -4.070000000000000284e+01
2.014000000000000057e+02 -6.929999999999999716e+01
2.453000000000000114e+02 -8.929999999999999716e+01
1.924000000000000057e+02 -1.110999999999999943e+02
