1.745000000000000000e+02 9.770000000000000284e+01
2.295999999999999943e+02 1.087000000000000028e+02
2.165999999999999943e+02 8.140000000000000568e+01
1.988000000000000114e+02 5.110000000000000142e+01
2.343000000000000114e+02 3.379999999999999716e+01
2.420999999999999943e+02 2.500000000000000000e+00
2.713999999999999773e+02 -3.489999999999999858e+01
2.671000000000000227e+02 -7.400000000000000000e+01
2.505000000000000000e+02 -1.142000000000000028e+02
2.661999999999999886e+02 -1.384000000000000057e+02
