1.901999999999999886e+02 6.189999999999999858e+01
1.731999999999999886e+02 1.000000000000000000e+02
2.395999999999999943e+02 9.440000000000000568e+01
1.970000000000000000e+02 3.470000000000000284e+01
1.991999999999999886e+02 1.739999999999999858e+01
2.000000000000000000e+02 1.699999999999999956e+00
2.048000000000000114e+02 -4.170000000000000284e+01
2.108000000000000114e+02 -4.479999999999999716e+01
2.215999999999999943e+02 -1.010000000000000000e+02
1.924000000000000057e+02 -1.110999999999999943e+02
