1.901999999999999886e+02 6.189999999999999858e+01
2.065000000000000000e+02 1.120999999999999943e+02
2.426999999999999886e+02 6.959999999999999432e+01
1.990000000000000000e+02 5.329999999999999716e+01
1.996999999999999886e+02 1.050000000000000000e+01
1.999000000000000057e+02 7.000000000000000000e+00
2.341999999999999886e+02 -2.460000000000000142e+01
2.279000000000000057e+02 -7.850000000000000000e+01
2.005000000000000000e+02 -8.300000000000000000e+01
1.924000000000000057e+02 -1.110999999999999943e+02
