1.901999999999999886e+02 6.189999999999999858e+01
2.160999999999999943e+02 1.077999999999999972e+02
2.369000000000000057e+02 9.570000000000000284e+01
2.630000000000000000e+02 6.559999999999999432e+01
2.246999999999999886e+02 1.180000000000000071e+01
1.999000000000000057e+02 7.000000000000000000e+00
1.975000000000000000e+02 -3.130000000000000071e+01
2.095999999999999943e+02 -6.010000000000000142e+01
1.990999999999999943e+02 -8.250000000000000000e+01
1.924000000000000057e+02 -1.110999999999999943e+02
