1.901999999999999886e+02 6.189999999999999858e+01
2.004000000000000057e+02 1.087999999999999972e+02
2.273000000000000114e+02 6.520000000000000284e+01
2.391999999999999886e+02 5.960000000000000142e+01
2.073000000000000114e+02 9.099999999999999645e+00
2.144000000000000057e+02 5.599999999999999645e+00
2.816999999999999886e+02 -2.710000000000000142e+01
1.901999999999999886e+02 -6.179999999999999716e+01
2.228000000000000114e+02 -9.459999999999999432e+01
1.924000000000000057e+02 -1.110999999999999943e+02
