1.901999999999999886e+02 6.189999999999999858e+01
1.781999999999999886e+02 9.079999999999999716e+01
2.351999999999999886e+02 9.979999999999999716e+01
1.980000000000000000e+02 5.679999999999999716e+01
2.459000000000000057e+02 8.599999999999999645e+00
1.999000000000000057e+02 7.000000000000000000e+00
2.094000000000000057e+02 -2.939999999999999858e+01
2.016999999999999886e+02 -4.660000000000000142e+01
1.900000000000000000e+02 -8.459999999999999432e+01
1.924000000000000057e+02 -1.110999999999999943e+02
