1.901999999999999886e+02 6.189999999999999858e+01
1.815000000000000000e+02 1.005999999999999943e+02
2.458000000000000114e+02 1.017999999999999972e+02
2.206999999999999886e+02 5.910000000000000142e+01
1.991999999999999886e+02 1.739999999999999858e+01
2.039000000000000057e+02 5.299999999999999822e+00
1.973000000000000114e+02 -3.300000000000000000e+01
2.046999999999999886e+02 -4.910000000000000142e+01
1.944000000000000057e+02 -8.450000000000000000e+01
1.924000000000000057e+02 -1.110999999999999943e+02
