1.901999999999999886e+02 6.189999999999999858e+01
1.898000000000000114e+02 1.030999999999999943e+02
2.200000000000000000e+02 9.340000000000000568e+01
2.280000000000000000e+02 5.260000000000000142e+01
1.991999999999999886e+02 1.739999999999999858e+01
2.355000000000000000e+02 2.100000000000000089e+00
1.966999999999999886e+02 -3.639999999999999858e+01
1.890999999999999943e+02 -6.509999999999999432e+01
2.253000000000000114e+02 -9.100000000000000000e+01
1.924000000000000057e+02 -1.110999999999999943e+02
