1.965000000000000000e+02 1.134000000000000057e+02
2.085999999999999943e+02 9.100000000000000000e+01
2.165000000000000000e+02 7.050000000000000000e+01
2.281999999999999886e+02 3.879999999999999716e+01
2.186999999999999886e+02 8.300000000000000711e+00
2.470000000000000000e+02 6.400000000000000355e+00
2.349000000000000057e+02 -2.400000000000000000e+01
2.023000000000000114e+02 -4.500000000000000000e+01
2.419000000000000057e+02 -9.620000000000000284e+01
1.979000000000000057e+02 -1.142000000000000028e+02
