2.146999999999999886e+02 1.240000000000000000e+02
2.636000000000000227e+02 1.430999999999999943e+02
2.748000000000000114e+02 9.729999999999999716e+01
1.960000000000000000e+02 3.989999999999999858e+01
2.125999999999999943e+02 3.180000000000000071e+01
2.285000000000000000e+02 0.000000000000000000e+00
2.114000000000000057e+02 -2.969999999999999929e+01
2.868999999999999773e+02 -8.770000000000000284e+01
2.535000000000000000e+02 -9.729999999999999716e+01
2.200999999999999943e+02 -1.270000000000000000e+02
