1.901999999999999886e+02 6.189999999999999858e+01
1.999000000000000057e+02 9.540000000000000568e+01
2.651999999999999886e+02 1.070999999999999943e+02
2.148000000000000114e+02 6.160000000000000142e+01
2.510000000000000000e+02 1.540000000000000036e+01
2.290000000000000000e+02 2.000000000000000000e+00
2.145000000000000000e+02 -3.589999999999999858e+01
1.931999999999999886e+02 -5.179999999999999716e+01
1.860999999999999943e+02 -7.329999999999999716e+01
1.924000000000000057e+02 -1.110999999999999943e+02
