1.901999999999999886e+02 6.189999999999999858e+01
1.845999999999999943e+02 1.002000000000000028e+02
2.310000000000000000e+02 9.809999999999999432e+01
2.269000000000000057e+02 6.509999999999999432e+01
2.071999999999999886e+02 1.090000000000000036e+01
2.024000000000000057e+02 7.099999999999999645e+00
2.065000000000000000e+02 -1.989999999999999858e+01
2.033000000000000114e+02 -7.000000000000000000e+01
1.848000000000000114e+02 -7.650000000000000000e+01
1.924000000000000057e+02 -1.110999999999999943e+02
