1.901999999999999886e+02 6.189999999999999858e+01
1.774000000000000057e+02 9.229999999999999716e+01
2.285999999999999943e+02 9.229999999999999716e+01
1.923000000000000114e+02 5.510000000000000142e+01
1.978000000000000114e+02 2.960000000000000142e+01
1.999000000000000057e+02 7.000000000000000000e+00
1.955999999999999943e+02 -4.160000000000000142e+01
1.918000000000000114e+02 -5.679999999999999716e+01
2.475000000000000000e+02 -9.750000000000000000e+01
1.924000000000000057e+02 -1.110999999999999943e+02
