1.901999999999999886e+02 6.189999999999999858e+01
1.798000000000000114e+02 8.770000000000000284e+01
2.335000000000000000e+02 8.500000000000000000e+01
2.336999999999999886e+02 6.479999999999999716e+01
2.090999999999999943e+02 2.380000000000000071e+01
1.999000000000000057e+02 7.000000000000000000e+00
1.960000000000000000e+02 -3.989999999999999858e+01
2.151999999999999886e+02 -4.570000000000000284e+01
1.840999999999999943e+02 -7.809999999999999432e+01
1.924000000000000057e+02 -1.110999999999999943e+02
