1.901999999999999886e+02 6.189999999999999858e+01
1.758000000000000114e+02 9.540000000000000568e+01
2.521999999999999886e+02 1.019000000000000057e+02
2.126999999999999886e+02 3.750000000000000000e+01
2.020999999999999943e+02 1.240000000000000036e+01
2.179000000000000057e+02 7.599999999999999645e+00
2.135999999999999943e+02 -4.350000000000000000e+01
2.405999999999999943e+02 -5.110000000000000142e+01
2.108000000000000114e+02 -1.027999999999999972e+02
1.924000000000000057e+02 -1.110999999999999943e+02
