1.901999999999999886e+02 6.189999999999999858e+01
1.906999999999999886e+02 9.929999999999999716e+01
2.761999999999999886e+02 1.172000000000000028e+02
2.110999999999999943e+02 5.660000000000000142e+01
1.985000000000000000e+02 2.439999999999999858e+01
2.154000000000000057e+02 7.500000000000000000e+00
2.075000000000000000e+02 -3.850000000000000000e+01
1.896999999999999886e+02 -6.350000000000000000e+01
2.160999999999999943e+02 -7.440000000000000568e+01
1.924000000000000057e+02 -1.110999999999999943e+02
