1.901999999999999886e+02 6.189999999999999858e+01
1.955999999999999943e+02 8.300000000000000000e+01
2.089000000000000057e+02 7.809999999999999432e+01
2.536999999999999886e+02 6.559999999999999432e+01
2.249000000000000057e+02 7.900000000000000355e+00
2.190000000000000000e+02 3.799999999999999822e+00
2.211999999999999886e+02 -4.100000000000000000e+01
2.195000000000000000e+02 -7.350000000000000000e+01
1.813000000000000114e+02 -8.450000000000000000e+01
1.924000000000000057e+02 -1.110999999999999943e+02
