1.901999999999999886e+02 6.189999999999999858e+01
1.790000000000000000e+02 8.920000000000000284e+01
2.246999999999999886e+02 8.850000000000000000e+01
2.231999999999999886e+02 5.770000000000000284e+01
2.358000000000000114e+02 1.030000000000000071e+01
2.000000000000000000e+02 1.699999999999999956e+00
1.980999999999999943e+02 -4.210000000000000142e+01
2.143000000000000114e+02 -4.750000000000000000e+01
2.195000000000000000e+02 -9.320000000000000284e+01
1.924000000000000057e+02 -1.110999999999999943e+02
