1.901999999999999886e+02 6.189999999999999858e+01
2.096999999999999886e+02 1.115000000000000000e+02
2.490000000000000000e+02 9.059999999999999432e+01
2.211999999999999886e+02 6.129999999999999716e+01
1.990999999999999943e+02 1.919999999999999929e+01
2.000000000000000000e+02 0.000000000000000000e+00
2.205999999999999943e+02 -3.889999999999999858e+01
1.935999999999999943e+02 -5.010000000000000142e+01
2.134000000000000057e+02 -9.720000000000000284e+01
1.924000000000000057e+02 -1.110999999999999943e+02
