1.901999999999999886e+02 6.189999999999999858e+01
1.834000000000000057e+02 7.970000000000000284e+01
2.380000000000000000e+02 1.010000000000000000e+02
2.100999999999999943e+02 5.239999999999999858e+01
2.205999999999999943e+02 2.900000000000000000e+01
2.194000000000000057e+02 7.700000000000000178e+00
2.340999999999999943e+02 -3.710000000000000142e+01
1.949000000000000057e+02 -4.500000000000000000e+01
1.840999999999999943e+02 -7.809999999999999432e+01
1.924000000000000057e+02 -1.110999999999999943e+02
