1.901999999999999886e+02 6.189999999999999858e+01
1.986999999999999886e+02 1.012000000000000028e+02
2.275999999999999943e+02 9.200000000000000000e+01
2.090999999999999943e+02 5.410000000000000142e+01
2.240999999999999943e+02 2.950000000000000000e+01
2.000000000000000000e+02 1.699999999999999956e+00
2.069000000000000057e+02 -4.400000000000000000e+01
1.895999999999999943e+02 -6.529999999999999716e+01
2.336999999999999886e+02 -9.679999999999999716e+01
1.924000000000000057e+02 -1.110999999999999943e+02
