1.901999999999999886e+02 6.189999999999999858e+01
1.749000000000000057e+02 9.700000000000000000e+01
2.346999999999999886e+02 9.720000000000000284e+01
2.158000000000000114e+02 4.779999999999999716e+01
1.994000000000000057e+02 1.569999999999999929e+01
1.999000000000000057e+02 7.000000000000000000e+00
1.966999999999999886e+02 -3.639999999999999858e+01
1.960999999999999943e+02 -5.250000000000000000e+01
1.854000000000000057e+02 -7.490000000000000568e+01
1.924000000000000057e+02 -1.110999999999999943e+02
