1.901999999999999886e+02 6.189999999999999858e+01
1.780000000000000000e+02 1.027000000000000028e+02
2.480000000000000000e+02 9.770000000000000284e+01
1.960000000000000000e+02 3.989999999999999858e+01
2.196999999999999886e+02 1.150000000000000000e+01
2.155000000000000000e+02 1.899999999999999911e+00
1.955999999999999943e+02 -4.160000000000000142e+01
2.250000000000000000e+02 -4.779999999999999716e+01
1.975000000000000000e+02 -9.000000000000000000e+01
1.924000000000000057e+02 -1.110999999999999943e+02
