1.901999999999999886e+02 6.189999999999999858e+01
1.934000000000000057e+02 1.027999999999999972e+02
2.305999999999999943e+02 9.790000000000000568e+01
2.673999999999999773e+02 6.420000000000000284e+01
2.169000000000000057e+02 7.599999999999999645e+00
1.999000000000000057e+02 7.000000000000000000e+00
2.074000000000000057e+02 -4.410000000000000142e+01
2.164000000000000057e+02 -5.389999999999999858e+01
2.235999999999999943e+02 -9.259999999999999432e+01
1.924000000000000057e+02 -1.110999999999999943e+02
