1.901999999999999886e+02 6.189999999999999858e+01
1.813000000000000114e+02 9.240000000000000568e+01
2.461999999999999886e+02 1.045000000000000000e+02
2.153000000000000114e+02 6.170000000000000284e+01
2.114000000000000057e+02 7.400000000000000355e+00
1.999000000000000057e+02 7.000000000000000000e+00
1.978000000000000114e+02 -2.960000000000000142e+01
1.959000000000000057e+02 -4.700000000000000000e+01
2.223000000000000114e+02 -9.440000000000000568e+01
1.924000000000000057e+02 -1.110999999999999943e+02
