1.901999999999999886e+02 6.189999999999999858e+01
1.999000000000000057e+02 1.107999999999999972e+02
2.883999999999999773e+02 8.270000000000000284e+01
2.696000000000000227e+02 6.970000000000000284e+01
2.379000000000000057e+02 8.300000000000000711e+00
1.996999999999999886e+02 -1.050000000000000000e+01
1.990999999999999943e+02 -1.919999999999999929e+01
2.203000000000000114e+02 -7.590000000000000568e+01
2.279000000000000057e+02 -7.850000000000000000e+01
1.924000000000000057e+02 -1.110999999999999943e+02
