1.901999999999999886e+02 6.189999999999999858e+01
2.041999999999999886e+02 1.132000000000000028e+02
1.999000000000000057e+02 5.729999999999999716e+01
2.504000000000000057e+02 7.179999999999999716e+01
1.999000000000000057e+02 7.000000000000000000e+00
1.999000000000000057e+02 7.000000000000000000e+00
2.958999999999999773e+02 -2.589999999999999858e+01
1.890999999999999943e+02 -6.509999999999999432e+01
2.508000000000000114e+02 -1.065000000000000000e+02
1.924000000000000057e+02 -1.110999999999999943e+02
