1.901999999999999886e+02 6.189999999999999858e+01
1.871999999999999886e+02 1.015999999999999943e+02
2.216999999999999886e+02 8.509999999999999432e+01
2.489000000000000057e+02 6.210000000000000142e+01
2.253000000000000114e+02 9.800000000000000711e+00
2.000000000000000000e+02 3.500000000000000000e+00
1.975000000000000000e+02 -3.130000000000000071e+01
1.936999999999999886e+02 -5.370000000000000284e+01
2.075000000000000000e+02 -8.170000000000000284e+01
1.924000000000000057e+02 -1.110999999999999943e+02
