1.901999999999999886e+02 6.189999999999999858e+01
1.765999999999999943e+02 9.390000000000000568e+01
2.185999999999999943e+02 9.279999999999999716e+01
2.185999999999999943e+02 4.650000000000000000e+01
2.245000000000000000e+02 2.560000000000000142e+01
1.999000000000000057e+02 5.200000000000000178e+00
1.955999999999999943e+02 -4.160000000000000142e+01
1.990999999999999943e+02 -6.659999999999999432e+01
1.864000000000000057e+02 -8.300000000000000000e+01
1.924000000000000057e+02 -1.110999999999999943e+02
