1.901999999999999886e+02 6.189999999999999858e+01
2.166999999999999886e+02 1.225999999999999943e+02
2.140000000000000000e+02 8.000000000000000000e+01
1.949000000000000057e+02 4.500000000000000000e+01
1.983000000000000114e+02 2.610000000000000142e+01
2.000000000000000000e+02 3.500000000000000000e+00
1.980999999999999943e+02 -2.780000000000000071e+01
2.175000000000000000e+02 -7.490000000000000568e+01
1.826999999999999886e+02 -8.129999999999999716e+01
1.924000000000000057e+02 -1.110999999999999943e+02
