1.901999999999999886e+02 6.189999999999999858e+01
2.056999999999999886e+02 1.187000000000000028e+02
2.636999999999999886e+02 1.012000000000000028e+02
2.038000000000000114e+02 5.839999999999999858e+01
2.409000000000000057e+02 1.680000000000000071e+01
2.440000000000000000e+02 -0.000000000000000000e+00
1.955999999999999943e+02 -4.160000000000000142e+01
1.890999999999999943e+02 -6.509999999999999432e+01
1.854000000000000057e+02 -7.490000000000000568e+01
1.924000000000000057e+02 -1.110999999999999943e+02
