1.901999999999999886e+02 6.189999999999999858e+01
1.853000000000000114e+02 9.240000000000000568e+01
2.425999999999999943e+02 1.030000000000000000e+02
1.993000000000000114e+02 4.600000000000000000e+01
2.174000000000000057e+02 2.669999999999999929e+01
1.999000000000000057e+02 7.000000000000000000e+00
1.960000000000000000e+02 -3.989999999999999858e+01
2.023000000000000114e+02 -6.970000000000000284e+01
2.155000000000000000e+02 -9.370000000000000284e+01
1.924000000000000057e+02 -1.110999999999999943e+02
