1.901999999999999886e+02 6.189999999999999858e+01
2.000000000000000000e+02 1.019000000000000057e+02
2.480999999999999943e+02 1.052999999999999972e+02
2.408000000000000114e+02 6.900000000000000000e+01
2.324000000000000057e+02 8.099999999999999645e+00
1.999000000000000057e+02 7.000000000000000000e+00
1.960000000000000000e+02 -3.989999999999999858e+01
2.055999999999999943e+02 -4.750000000000000000e+01
2.006999999999999886e+02 -8.109999999999999432e+01
1.924000000000000057e+02 -1.110999999999999943e+02
