1.901999999999999886e+02 6.189999999999999858e+01
1.778000000000000114e+02 9.259999999999999432e+01
2.406999999999999886e+02 1.022000000000000028e+02
2.211999999999999886e+02 5.720000000000000284e+01
2.260999999999999943e+02 1.380000000000000071e+01
1.999000000000000057e+02 5.200000000000000178e+00
1.978000000000000114e+02 -2.960000000000000142e+01
1.990000000000000000e+02 -5.329999999999999716e+01
1.993000000000000114e+02 -8.050000000000000000e+01
1.924000000000000057e+02 -1.110999999999999943e+02
