1.901999999999999886e+02 6.189999999999999858e+01
1.894000000000000057e+02 1.007000000000000028e+02
2.530999999999999943e+02 1.022999999999999972e+02
2.295000000000000000e+02 5.720000000000000284e+01
1.995999999999999943e+02 1.219999999999999929e+01
1.999000000000000057e+02 7.000000000000000000e+00
2.111999999999999886e+02 -3.720000000000000284e+01
2.008000000000000114e+02 -4.820000000000000284e+01
1.989000000000000057e+02 -8.040000000000000568e+01
1.924000000000000057e+02 -1.110999999999999943e+02
