1.901999999999999886e+02 6.189999999999999858e+01
1.798000000000000114e+02 8.770000000000000284e+01
2.116999999999999886e+02 8.340000000000000568e+01
2.410999999999999943e+02 5.789999999999999858e+01
2.269000000000000057e+02 7.900000000000000355e+00
2.255000000000000000e+02 3.899999999999999911e+00
2.540000000000000000e+02 -4.250000000000000000e+01
2.170999999999999943e+02 -6.640000000000000568e+01
1.949000000000000057e+02 -9.090000000000000568e+01
1.924000000000000057e+02 -1.110999999999999943e+02
