1.885000000000000000e+02 1.087999999999999972e+02
2.598000000000000114e+02 1.500000000000000000e+02
2.421999999999999886e+02 7.640000000000000568e+01
2.178000000000000114e+02 3.450000000000000000e+01
2.278000000000000114e+02 1.789999999999999858e+01
2.359000000000000057e+02 -1.650000000000000000e+01
1.980999999999999943e+02 -2.780000000000000071e+01
2.783000000000000114e+02 -8.509999999999999432e+01
2.195999999999999943e+02 -7.779999999999999716e+01
1.906999999999999886e+02 -6.039999999999999858e+01
