1.901999999999999886e+02 6.189999999999999858e+01
1.814000000000000057e+02 9.440000000000000568e+01
2.415999999999999943e+02 1.025999999999999943e+02
2.225999999999999943e+02 5.139999999999999858e+01
2.030000000000000000e+02 1.419999999999999929e+01
1.999000000000000057e+02 7.000000000000000000e+00
2.045000000000000000e+02 -3.789999999999999858e+01
1.950999999999999943e+02 -5.050000000000000000e+01
1.946999999999999886e+02 -8.259999999999999432e+01
1.924000000000000057e+02 -1.110999999999999943e+02
