1.901999999999999886e+02 6.189999999999999858e+01
1.896999999999999886e+02 9.459999999999999432e+01
2.545000000000000000e+02 1.002000000000000028e+02
2.490999999999999943e+02 6.909999999999999432e+01
2.008000000000000114e+02 8.800000000000000711e+00
1.999000000000000057e+02 5.200000000000000178e+00
2.159000000000000057e+02 -2.650000000000000000e+01
1.931999999999999886e+02 -5.179999999999999716e+01
2.093000000000000114e+02 -8.670000000000000284e+01
1.924000000000000057e+02 -1.110999999999999943e+02
