1.740999999999999943e+02 1.005000000000000000e+02
2.706999999999999886e+02 1.247000000000000028e+02
2.190999999999999943e+02 8.059999999999999432e+01
2.480999999999999943e+02 4.720000000000000284e+01
2.348000000000000114e+02 1.030000000000000071e+01
2.158000000000000114e+02 5.599999999999999645e+00
2.820000000000000000e+02 -4.060000000000000142e+01
2.144000000000000057e+02 -6.609999999999999432e+01
1.909000000000000057e+02 -7.370000000000000284e+01
2.525000000000000000e+02 -1.458000000000000114e+02
