1.901999999999999886e+02 6.189999999999999858e+01
1.784000000000000057e+02 9.690000000000000568e+01
2.201999999999999886e+02 8.900000000000000000e+01
1.926999999999999886e+02 5.339999999999999858e+01
2.345999999999999943e+02 1.430000000000000071e+01
2.029000000000000057e+02 7.099999999999999645e+00
1.955999999999999943e+02 -4.160000000000000142e+01
1.890999999999999943e+02 -6.509999999999999432e+01
1.984000000000000057e+02 -8.020000000000000284e+01
1.924000000000000057e+02 -1.110999999999999943e+02
