1.901999999999999886e+02 6.189999999999999858e+01
2.075999999999999943e+02 1.012999999999999972e+02
2.045999999999999943e+02 7.240000000000000568e+01
2.046999999999999886e+02 5.870000000000000284e+01
2.218000000000000114e+02 2.330000000000000071e+01
2.199000000000000057e+02 7.700000000000000178e+00
1.973000000000000114e+02 -3.300000000000000000e+01
1.948000000000000114e+02 -6.709999999999999432e+01
1.873000000000000114e+02 -7.000000000000000000e+01
1.924000000000000057e+02 -1.110999999999999943e+02
