1.901999999999999886e+02 6.189999999999999858e+01
2.070000000000000000e+02 9.429999999999999716e+01
2.154000000000000057e+02 9.140000000000000568e+01
2.134000000000000057e+02 4.929999999999999716e+01
1.998000000000000114e+02 8.699999999999999289e+00
2.160000000000000000e+02 0.000000000000000000e+00
2.005999999999999943e+02 -3.720000000000000284e+01
1.913000000000000114e+02 -5.850000000000000000e+01
2.053000000000000114e+02 -9.790000000000000568e+01
1.924000000000000057e+02 -1.110999999999999943e+02
