2.125000000000000000e+02 1.227000000000000028e+02
2.200000000000000000e+02 1.270000000000000000e+02
2.415999999999999943e+02 7.850000000000000000e+01
1.923000000000000114e+02 5.510000000000000142e+01
2.369000000000000057e+02 8.300000000000000711e+00
2.314000000000000057e+02 -8.099999999999999645e+00
1.960000000000000000e+02 -3.989999999999999858e+01
2.793000000000000114e+02 -9.340000000000000568e+01
2.530999999999999943e+02 -1.022999999999999972e+02
2.678999999999999773e+02 -1.350000000000000000e+02
