1.901999999999999886e+02 6.189999999999999858e+01
2.464000000000000057e+02 1.421999999999999886e+02
1.950999999999999943e+02 5.960000000000000142e+01
2.343000000000000114e+02 5.410000000000000142e+01
1.994000000000000057e+02 1.569999999999999929e+01
1.996999999999999886e+02 -1.050000000000000000e+01
1.966999999999999886e+02 -3.639999999999999858e+01
1.923000000000000114e+02 -5.510000000000000142e+01
2.056999999999999886e+02 -8.729999999999999716e+01
1.924000000000000057e+02 -1.110999999999999943e+02
