1.901999999999999886e+02 6.189999999999999858e+01
2.011999999999999886e+02 1.115000000000000000e+02
2.395999999999999943e+02 9.440000000000000568e+01
1.960000000000000000e+02 3.989999999999999858e+01
1.996999999999999886e+02 1.050000000000000000e+01
2.109000000000000057e+02 7.400000000000000355e+00
2.141999999999999886e+02 -3.779999999999999716e+01
2.334000000000000057e+02 -5.389999999999999858e+01
2.046999999999999886e+02 -9.329999999999999716e+01
1.924000000000000057e+02 -1.110999999999999943e+02
