1.901999999999999886e+02 6.189999999999999858e+01
2.190999999999999943e+02 1.265000000000000000e+02
2.270999999999999943e+02 7.600000000000000000e+01
2.221999999999999886e+02 5.329999999999999716e+01
1.986999999999999886e+02 2.260000000000000142e+01
2.000000000000000000e+02 -0.000000000000000000e+00
1.963000000000000114e+02 -3.820000000000000284e+01
1.926999999999999886e+02 -5.339999999999999858e+01
1.826999999999999886e+02 -8.129999999999999716e+01
1.924000000000000057e+02 -1.110999999999999943e+02
