1.901999999999999886e+02 6.189999999999999858e+01
1.800000000000000000e+02 9.170000000000000284e+01
2.573000000000000114e+02 1.065999999999999943e+02
1.953000000000000114e+02 4.329999999999999716e+01
1.989000000000000057e+02 2.089999999999999858e+01
2.000000000000000000e+02 1.699999999999999956e+00
2.161999999999999886e+02 -4.589999999999999858e+01
1.995999999999999943e+02 -6.679999999999999716e+01
2.099000000000000057e+02 -8.909999999999999432e+01
1.924000000000000057e+02 -1.110999999999999943e+02
