1.901999999999999886e+02 6.189999999999999858e+01
2.093000000000000114e+02 1.090000000000000000e+02
2.053000000000000114e+02 6.870000000000000284e+01
2.376999999999999886e+02 6.150000000000000000e+01
2.394000000000000057e+02 2.310000000000000142e+01
2.215000000000000000e+02 1.899999999999999911e+00
2.255999999999999943e+02 -1.969999999999999929e+01
2.681999999999999886e+02 -8.709999999999999432e+01
1.961999999999999886e+02 -6.759999999999999432e+01
1.924000000000000057e+02 -1.110999999999999943e+02
