2.219000000000000057e+02 1.280999999999999943e+02
2.338000000000000114e+02 1.115000000000000000e+02
2.761000000000000227e+02 8.709999999999999432e+01
2.056999999999999886e+02 5.710000000000000142e+01
2.953000000000000114e+02 4.679999999999999716e+01
2.478000000000000114e+02 -8.699999999999999289e+00
2.783000000000000114e+02 -5.920000000000000284e+01
2.340000000000000000e+02 -8.059999999999999432e+01
2.480999999999999943e+02 -1.052999999999999972e+02
2.776999999999999886e+02 -1.135000000000000000e+02
