1.901999999999999886e+02 6.189999999999999858e+01
1.884000000000000057e+02 9.390000000000000568e+01
2.518000000000000114e+02 9.170000000000000284e+01
1.931999999999999886e+02 5.179999999999999716e+01
2.168000000000000114e+02 9.500000000000000000e+00
2.244000000000000057e+02 7.799999999999999822e+00
1.973000000000000114e+02 -3.300000000000000000e+01
2.420999999999999943e+02 -5.370000000000000284e+01
2.163000000000000114e+02 -9.179999999999999716e+01
1.924000000000000057e+02 -1.110999999999999943e+02
