1.901999999999999886e+02 6.189999999999999858e+01
1.915999999999999943e+02 1.040000000000000000e+02
2.415999999999999943e+02 1.025999999999999943e+02
2.220999999999999943e+02 6.370000000000000284e+01
2.214000000000000057e+02 7.700000000000000178e+00
1.999000000000000057e+02 7.000000000000000000e+00
2.094000000000000057e+02 -2.939999999999999858e+01
1.940999999999999943e+02 -4.839999999999999858e+01
1.984000000000000057e+02 -8.420000000000000284e+01
1.924000000000000057e+02 -1.110999999999999943e+02
