1.901999999999999886e+02 6.189999999999999858e+01
1.811999999999999886e+02 9.040000000000000568e+01
2.460999999999999943e+02 9.690000000000000568e+01
2.289000000000000057e+02 6.129999999999999716e+01
1.991999999999999886e+02 1.739999999999999858e+01
2.144000000000000057e+02 7.500000000000000000e+00
2.260000000000000000e+02 -3.989999999999999858e+01
1.985000000000000000e+02 -5.510000000000000142e+01
1.834000000000000057e+02 -7.970000000000000284e+01
1.924000000000000057e+02 -1.110999999999999943e+02
