1.901999999999999886e+02 6.189999999999999858e+01
1.845999999999999943e+02 1.002000000000000028e+02
2.209000000000000057e+02 9.379999999999999716e+01
1.923000000000000114e+02 5.510000000000000142e+01
2.349000000000000057e+02 8.199999999999999289e+00
2.538000000000000114e+02 8.900000000000000355e+00
1.975000000000000000e+02 -3.130000000000000071e+01
1.918000000000000114e+02 -5.679999999999999716e+01
1.813000000000000114e+02 -8.450000000000000000e+01
1.924000000000000057e+02 -1.110999999999999943e+02
