1.901999999999999886e+02 6.189999999999999858e+01
1.884000000000000057e+02 1.087000000000000028e+02
2.109000000000000057e+02 6.450000000000000000e+01
2.535999999999999943e+02 6.790000000000000568e+01
2.094000000000000057e+02 7.299999999999999822e+00
2.104000000000000057e+02 7.299999999999999822e+00
2.340999999999999943e+02 -2.050000000000000000e+01
1.905000000000000000e+02 -6.559999999999999432e+01
2.105999999999999943e+02 -8.729999999999999716e+01
1.924000000000000057e+02 -1.110999999999999943e+02
