2.293000000000000114e+02 1.324000000000000057e+02
2.061999999999999886e+02 1.034000000000000057e+02
2.264000000000000057e+02 6.629999999999999716e+01
2.385000000000000000e+02 4.579999999999999716e+01
2.520999999999999943e+02 1.159999999999999964e+01
2.400999999999999943e+02 -1.469999999999999929e+01
2.318000000000000114e+02 -3.060000000000000142e+01
2.465999999999999943e+02 -5.579999999999999716e+01
1.906999999999999886e+02 -8.950000000000000000e+01
1.969000000000000057e+02 -3.500000000000000000e+01
