2.125000000000000000e+02 1.227000000000000028e+02
2.485999999999999943e+02 1.378000000000000114e+02
2.384000000000000057e+02 8.750000000000000000e+01
2.241999999999999886e+02 5.539999999999999858e+01
2.666000000000000227e+02 1.480000000000000071e+01
2.816000000000000227e+02 2.000000000000000000e+00
2.265999999999999943e+02 -4.529999999999999716e+01
2.471999999999999886e+02 -7.900000000000000000e+01
2.650000000000000000e+02 -9.940000000000000568e+01
2.678999999999999773e+02 -1.350000000000000000e+02
