1.901999999999999886e+02 6.189999999999999858e+01
1.859000000000000057e+02 9.879999999999999716e+01
2.508000000000000114e+02 1.065000000000000000e+02
2.149000000000000057e+02 5.360000000000000142e+01
2.286999999999999886e+02 1.200000000000000000e+01
1.999000000000000057e+02 7.000000000000000000e+00
1.995000000000000000e+02 -3.160000000000000142e+01
1.979000000000000057e+02 -4.750000000000000000e+01
1.840999999999999943e+02 -7.809999999999999432e+01
1.924000000000000057e+02 -1.110999999999999943e+02
