1.901999999999999886e+02 6.189999999999999858e+01
1.819000000000000057e+02 9.670000000000000284e+01
2.521999999999999886e+02 1.070999999999999943e+02
2.100999999999999943e+02 5.239999999999999858e+01
2.074000000000000057e+02 1.630000000000000071e+01
1.999000000000000057e+02 7.000000000000000000e+00
1.970000000000000000e+02 -3.470000000000000284e+01
2.041999999999999886e+02 -4.900000000000000000e+01
1.985999999999999943e+02 -8.229999999999999716e+01
1.924000000000000057e+02 -1.110999999999999943e+02
