1.901999999999999886e+02 6.189999999999999858e+01
1.731999999999999886e+02 1.000000000000000000e+02
2.748999999999999773e+02 1.082999999999999972e+02
1.955999999999999943e+02 4.160000000000000142e+01
2.174000000000000057e+02 7.599999999999999645e+00
2.214000000000000057e+02 7.700000000000000178e+00
1.970000000000000000e+02 -3.470000000000000284e+01
2.361999999999999886e+02 -5.020000000000000284e+01
1.848000000000000114e+02 -7.650000000000000000e+01
1.924000000000000057e+02 -1.110999999999999943e+02
