1.901999999999999886e+02 6.189999999999999858e+01
1.851999999999999886e+02 8.440000000000000568e+01
2.368000000000000114e+02 9.329999999999999716e+01
2.273000000000000114e+02 6.520000000000000284e+01
1.989000000000000057e+02 2.089999999999999858e+01
2.195000000000000000e+02 -0.000000000000000000e+00
2.210000000000000000e+02 -4.500000000000000000e+01
1.896999999999999886e+02 -6.350000000000000000e+01
1.805000000000000000e+02 -8.609999999999999432e+01
1.924000000000000057e+02 -1.110999999999999943e+02
