1.901999999999999886e+02 6.189999999999999858e+01
2.070999999999999943e+02 1.172000000000000028e+02
2.758000000000000114e+02 8.959999999999999432e+01
2.043000000000000114e+02 5.860000000000000142e+01
1.999000000000000057e+02 7.000000000000000000e+00
2.640000000000000000e+02 -0.000000000000000000e+00
2.041999999999999886e+02 -2.689999999999999858e+01
2.486999999999999886e+02 -8.559999999999999432e+01
1.851999999999999886e+02 -7.670000000000000284e+01
1.924000000000000057e+02 -1.110999999999999943e+02
