1.901999999999999886e+02 6.189999999999999858e+01
1.731999999999999886e+02 1.000000000000000000e+02
2.530999999999999943e+02 1.049000000000000057e+02
1.966999999999999886e+02 3.639999999999999858e+01
2.040000000000000000e+02 1.430000000000000071e+01
2.000000000000000000e+02 3.500000000000000000e+00
1.955999999999999943e+02 -4.160000000000000142e+01
2.289000000000000057e+02 -4.870000000000000284e+01
2.080000000000000000e+02 -9.920000000000000284e+01
1.924000000000000057e+02 -1.110999999999999943e+02
