1.901999999999999886e+02 6.189999999999999858e+01
1.749000000000000057e+02 9.700000000000000000e+01
2.535999999999999943e+02 1.050000000000000000e+02
2.114000000000000057e+02 4.879999999999999716e+01
2.105000000000000000e+02 1.469999999999999929e+01
1.999000000000000057e+02 7.000000000000000000e+00
1.970000000000000000e+02 -3.470000000000000284e+01
2.009000000000000057e+02 -5.010000000000000142e+01
1.848000000000000114e+02 -7.650000000000000000e+01
1.924000000000000057e+02 -1.110999999999999943e+02
