1.901999999999999886e+02 6.189999999999999858e+01
1.791999999999999886e+02 9.529999999999999716e+01
2.771999999999999886e+02 1.120000000000000000e+02
2.040999999999999943e+02 4.710000000000000142e+01
1.994000000000000057e+02 1.569999999999999929e+01
2.000000000000000000e+02 0.000000000000000000e+00
2.151999999999999886e+02 -4.570000000000000284e+01
1.906999999999999886e+02 -6.010000000000000142e+01
2.245999999999999943e+02 -9.529999999999999716e+01
1.924000000000000057e+02 -1.110999999999999943e+02
