1.901999999999999886e+02 6.189999999999999858e+01
1.925000000000000000e+02 1.022999999999999972e+02
2.504000000000000057e+02 1.062999999999999972e+02
2.485000000000000000e+02 7.129999999999999716e+01
2.409000000000000057e+02 8.400000000000000355e+00
1.999000000000000057e+02 5.200000000000000178e+00
1.963000000000000114e+02 -3.820000000000000284e+01
2.130000000000000000e+02 -5.310000000000000142e+01
2.055000000000000000e+02 -9.150000000000000000e+01
1.924000000000000057e+02 -1.110999999999999943e+02
