1.901999999999999886e+02 6.189999999999999858e+01
1.765999999999999943e+02 9.390000000000000568e+01
2.110000000000000000e+02 7.679999999999999716e+01
2.356999999999999886e+02 6.100000000000000000e+01
2.139000000000000057e+02 7.500000000000000000e+00
2.364000000000000057e+02 -6.200000000000000178e+00
1.966999999999999886e+02 -3.639999999999999858e+01
2.178000000000000114e+02 -5.029999999999999716e+01
1.985000000000000000e+02 -8.629999999999999716e+01
1.924000000000000057e+02 -1.110999999999999943e+02
