2.270999999999999943e+02 1.310999999999999943e+02
2.019000000000000057e+02 1.142000000000000028e+02
1.850000000000000000e+02 7.850000000000000000e+01
2.250000000000000000e+02 4.989999999999999858e+01
2.485999999999999943e+02 3.489999999999999858e+01
2.505000000000000000e+02 -2.189999999999999858e+01
1.991999999999999886e+02 -1.739999999999999858e+01
2.585000000000000000e+02 -6.690000000000000568e+01
2.771999999999999886e+02 -1.147999999999999972e+02
2.326999999999999886e+02 -1.344000000000000057e+02
