1.901999999999999886e+02 6.189999999999999858e+01
2.006999999999999886e+02 9.359999999999999432e+01
2.379000000000000057e+02 8.900000000000000000e+01
2.409000000000000057e+02 6.679999999999999716e+01
2.144000000000000057e+02 7.500000000000000000e+00
2.000000000000000000e+02 -3.500000000000000000e+00
1.980999999999999943e+02 -2.780000000000000071e+01
1.923000000000000114e+02 -5.510000000000000142e+01
1.873000000000000114e+02 -7.000000000000000000e+01
1.924000000000000057e+02 -1.110999999999999943e+02
