1.901999999999999886e+02 6.189999999999999858e+01
1.731999999999999886e+02 1.000000000000000000e+02
2.304000000000000057e+02 9.309999999999999432e+01
1.923000000000000114e+02 5.510000000000000142e+01
1.991999999999999886e+02 1.739999999999999858e+01
1.999000000000000057e+02 7.000000000000000000e+00
2.298000000000000114e+02 -2.819999999999999929e+01
2.175000000000000000e+02 -7.490000000000000568e+01
1.826999999999999886e+02 -8.129999999999999716e+01
1.924000000000000057e+02 -1.110999999999999943e+02
