2.450999999999999943e+02 1.415000000000000000e+02
2.090000000000000000e+02 8.870000000000000284e+01
1.848000000000000114e+02 7.650000000000000000e+01
2.566999999999999886e+02 7.359999999999999432e+01
2.996000000000000227e+02 1.569999999999999929e+01
2.314000000000000057e+02 -6.099999999999999645e+00
2.405999999999999943e+02 -5.110000000000000142e+01
2.349000000000000057e+02 -7.629999999999999716e+01
2.776999999999999886e+02 -1.010999999999999943e+02
2.311999999999999886e+02 -1.335000000000000000e+02
