1.901999999999999886e+02 6.189999999999999858e+01
1.798000000000000114e+02 8.770000000000000284e+01
2.343000000000000114e+02 9.000000000000000000e+01
2.409000000000000057e+02 6.679999999999999716e+01
2.239000000000000057e+02 7.799999999999999822e+00
2.230000000000000000e+02 3.899999999999999911e+00
1.978000000000000114e+02 -2.960000000000000142e+01
1.931999999999999886e+02 -5.179999999999999716e+01
1.860999999999999943e+02 -7.329999999999999716e+01
1.924000000000000057e+02 -1.110999999999999943e+02
