1.901999999999999886e+02 6.189999999999999858e+01
1.819000000000000057e+02 9.879999999999999716e+01
2.411999999999999886e+02 1.024000000000000057e+02
1.960000000000000000e+02 3.989999999999999858e+01
1.994000000000000057e+02 1.569999999999999929e+01
2.190000000000000000e+02 3.799999999999999822e+00
1.963000000000000114e+02 -3.820000000000000284e+01
2.405999999999999943e+02 -5.110000000000000142e+01
2.048000000000000114e+02 -9.550000000000000000e+01
1.924000000000000057e+02 -1.110999999999999943e+02
