1.901999999999999886e+02 6.189999999999999858e+01
2.058000000000000114e+02 1.004000000000000057e+02
2.390999999999999943e+02 9.420000000000000284e+01
2.216999999999999886e+02 5.529999999999999716e+01
2.786000000000000227e+02 3.670000000000000284e+01
2.553000000000000114e+02 8.900000000000000355e+00
2.401999999999999886e+02 -4.020000000000000284e+01
1.935999999999999943e+02 -5.010000000000000142e+01
2.415999999999999943e+02 -8.320000000000000284e+01
1.924000000000000057e+02 -1.110999999999999943e+02
