1.901999999999999886e+02 6.189999999999999858e+01
1.813000000000000114e+02 8.450000000000000000e+01
2.475999999999999943e+02 1.025999999999999943e+02
2.171999999999999886e+02 6.229999999999999716e+01
1.989000000000000057e+02 2.089999999999999858e+01
2.259000000000000057e+02 7.900000000000000355e+00
2.209000000000000057e+02 -3.700000000000000000e+01
1.940999999999999943e+02 -4.839999999999999858e+01
1.820000000000000000e+02 -8.290000000000000568e+01
1.924000000000000057e+02 -1.110999999999999943e+02
