1.776999999999999886e+02 9.179999999999999716e+01
2.438000000000000114e+02 1.285999999999999943e+02
1.930999999999999943e+02 6.800000000000000000e+01
2.041999999999999886e+02 4.950000000000000000e+01
2.068000000000000114e+02 2.369999999999999929e+01
2.563000000000000114e+02 -1.230000000000000071e+01
2.539000000000000057e+02 -2.730000000000000071e+01
2.713000000000000114e+02 -7.190000000000000568e+01
2.450999999999999943e+02 -1.080000000000000000e+02
2.956000000000000227e+02 -5.089999999999999858e+01
