1.901999999999999886e+02 6.189999999999999858e+01
1.788000000000000114e+02 9.709999999999999432e+01
2.573000000000000114e+02 1.092000000000000028e+02
2.205999999999999943e+02 6.329999999999999716e+01
2.155999999999999943e+02 1.319999999999999929e+01
1.999000000000000057e+02 7.000000000000000000e+00
1.970000000000000000e+02 -3.470000000000000284e+01
1.931999999999999886e+02 -5.179999999999999716e+01
2.160000000000000000e+02 -8.729999999999999716e+01
1.924000000000000057e+02 -1.110999999999999943e+02
