1.901999999999999886e+02 6.189999999999999858e+01
1.820000000000000000e+02 8.290000000000000568e+01
2.588999999999999773e+02 9.420000000000000284e+01
1.926999999999999886e+02 5.339999999999999858e+01
2.141999999999999886e+02 2.819999999999999929e+01
2.215000000000000000e+02 1.899999999999999911e+00
2.146999999999999886e+02 -4.560000000000000142e+01
1.890999999999999943e+02 -6.509999999999999432e+01
2.099000000000000057e+02 -7.229999999999999716e+01
1.924000000000000057e+02 -1.110999999999999943e+02
