1.901999999999999886e+02 6.189999999999999858e+01
1.920000000000000000e+02 1.020999999999999943e+02
2.313000000000000114e+02 9.350000000000000000e+01
2.366999999999999886e+02 6.120000000000000284e+01
2.314000000000000057e+02 8.099999999999999645e+00
2.014000000000000057e+02 7.000000000000000000e+00
1.973000000000000114e+02 -3.300000000000000000e+01
1.945999999999999943e+02 -5.029999999999999716e+01
1.990999999999999943e+02 -8.250000000000000000e+01
1.924000000000000057e+02 -1.110999999999999943e+02
