1.901999999999999886e+02 6.189999999999999858e+01
1.793000000000000114e+02 1.014000000000000057e+02
2.060000000000000000e+02 7.290000000000000568e+01
2.129000000000000057e+02 6.110000000000000142e+01
2.160999999999999943e+02 2.460000000000000142e+01
1.999000000000000057e+02 7.000000000000000000e+00
1.975000000000000000e+02 -3.130000000000000071e+01
2.033000000000000114e+02 -7.000000000000000000e+01
1.879000000000000057e+02 -6.840000000000000568e+01
1.924000000000000057e+02 -1.110999999999999943e+02
