1.901999999999999886e+02 6.189999999999999858e+01
1.731999999999999886e+02 1.000000000000000000e+02
2.688000000000000114e+02 1.140999999999999943e+02
2.144000000000000057e+02 5.950000000000000000e+01
2.455999999999999943e+02 2.150000000000000000e+01
2.359000000000000057e+02 8.199999999999999289e+00
2.015000000000000000e+02 -3.189999999999999858e+01
2.238000000000000114e+02 -6.840000000000000568e+01
1.854000000000000057e+02 -7.490000000000000568e+01
1.924000000000000057e+02 -1.110999999999999943e+02
