1.901999999999999886e+02 6.189999999999999858e+01
1.819000000000000057e+02 1.007999999999999972e+02
2.365999999999999943e+02 1.004000000000000057e+02
2.201999999999999886e+02 5.900000000000000000e+01
2.024000000000000057e+02 2.130000000000000071e+01
1.999000000000000057e+02 7.000000000000000000e+00
1.970000000000000000e+02 -3.470000000000000284e+01
1.940999999999999943e+02 -4.839999999999999858e+01
1.894000000000000057e+02 -8.229999999999999716e+01
1.924000000000000057e+02 -1.110999999999999943e+02
