2.450999999999999943e+02 1.415000000000000000e+02
1.965000000000000000e+02 8.340000000000000568e+01
1.946999999999999886e+02 8.259999999999999432e+01
2.051999999999999886e+02 5.879999999999999716e+01
2.290999999999999943e+02 1.400000000000000000e+01
2.493000000000000114e+02 8.699999999999999289e+00
2.740000000000000000e+02 -4.089999999999999858e+01
2.174000000000000057e+02 -6.859999999999999432e+01
2.449000000000000057e+02 -1.039000000000000057e+02
2.311999999999999886e+02 -1.335000000000000000e+02
