1.901999999999999886e+02 6.189999999999999858e+01
1.798000000000000114e+02 8.770000000000000284e+01
2.329000000000000057e+02 9.890000000000000568e+01
1.953000000000000114e+02 4.329999999999999716e+01
2.045000000000000000e+02 2.869999999999999929e+01
1.999000000000000057e+02 7.000000000000000000e+00
2.079000000000000057e+02 -4.420000000000000284e+01
1.961999999999999886e+02 -6.759999999999999432e+01
2.048000000000000114e+02 -8.690000000000000568e+01
1.924000000000000057e+02 -1.110999999999999943e+02
