1.740999999999999943e+02 1.005000000000000000e+02
2.696000000000000227e+02 1.315000000000000000e+02
2.656000000000000227e+02 8.370000000000000284e+01
2.095999999999999943e+02 3.510000000000000142e+01
2.195999999999999943e+02 1.340000000000000036e+01
2.209000000000000057e+02 7.700000000000000178e+00
2.963000000000000114e+02 -4.689999999999999858e+01
2.170000000000000000e+02 -7.470000000000000284e+01
1.921999999999999886e+02 -6.990000000000000568e+01
2.525000000000000000e+02 -1.458000000000000114e+02
