1.901999999999999886e+02 6.189999999999999858e+01
1.974000000000000057e+02 1.027000000000000028e+02
2.314000000000000057e+02 9.590000000000000568e+01
2.148000000000000114e+02 4.760000000000000142e+01
2.258000000000000114e+02 2.369999999999999929e+01
2.049000000000000057e+02 7.200000000000000178e+00
1.960000000000000000e+02 -3.989999999999999858e+01
1.890999999999999943e+02 -6.509999999999999432e+01
1.910999999999999943e+02 -8.709999999999999432e+01
1.924000000000000057e+02 -1.110999999999999943e+02
