1.901999999999999886e+02 6.189999999999999858e+01
1.765999999999999943e+02 9.390000000000000568e+01
2.338000000000000114e+02 9.920000000000000284e+01
2.265999999999999943e+02 5.439999999999999858e+01
2.150000000000000000e+02 1.500000000000000000e+01
2.014000000000000057e+02 5.299999999999999822e+00
1.966999999999999886e+02 -3.639999999999999858e+01
1.960000000000000000e+02 -4.889999999999999858e+01
1.984000000000000057e+02 -8.420000000000000284e+01
1.924000000000000057e+02 -1.110999999999999943e+02
