1.901999999999999886e+02 6.189999999999999858e+01
1.758000000000000114e+02 9.540000000000000568e+01
2.420000000000000000e+02 9.779999999999999716e+01
2.355000000000000000e+02 6.750000000000000000e+01
2.508000000000000114e+02 8.800000000000000711e+00
2.115000000000000000e+02 1.800000000000000044e+00
1.978000000000000114e+02 -2.960000000000000142e+01
2.024000000000000057e+02 -5.420000000000000284e+01
1.920999999999999943e+02 -8.350000000000000000e+01
1.924000000000000057e+02 -1.110999999999999943e+02
