1.901999999999999886e+02 6.189999999999999858e+01
1.933000000000000114e+02 1.070999999999999943e+02
2.324000000000000057e+02 9.870000000000000284e+01
2.216999999999999886e+02 5.729999999999999716e+01
2.130000000000000000e+02 2.050000000000000000e+01
2.075000000000000000e+02 3.600000000000000089e+00
2.050999999999999943e+02 -3.429999999999999716e+01
1.940999999999999943e+02 -4.839999999999999858e+01
1.944000000000000057e+02 -8.450000000000000000e+01
1.924000000000000057e+02 -1.110999999999999943e+02
