1.901999999999999886e+02 6.189999999999999858e+01
1.783000000000000114e+02 9.279999999999999716e+01
2.306999999999999886e+02 8.400000000000000000e+01
2.065999999999999943e+02 4.020000000000000284e+01
1.991999999999999886e+02 1.739999999999999858e+01
1.999000000000000057e+02 5.200000000000000178e+00
2.485999999999999943e+02 -3.050000000000000000e+01
2.520000000000000000e+02 -8.679999999999999716e+01
2.150999999999999943e+02 -8.690000000000000568e+01
1.924000000000000057e+02 -1.110999999999999943e+02
