1.901999999999999886e+02 6.189999999999999858e+01
1.885000000000000000e+02 1.002000000000000028e+02
2.546999999999999886e+02 9.270000000000000284e+01
2.226999999999999886e+02 5.550000000000000000e+01
2.258000000000000114e+02 1.780000000000000071e+01
2.029000000000000057e+02 7.099999999999999645e+00
1.966999999999999886e+02 -3.639999999999999858e+01
2.135000000000000000e+02 -5.320000000000000284e+01
1.971999999999999886e+02 -8.170000000000000284e+01
1.924000000000000057e+02 -1.110999999999999943e+02
