1.901999999999999886e+02 6.189999999999999858e+01
1.866999999999999886e+02 1.035000000000000000e+02
2.020999999999999943e+02 8.170000000000000284e+01
2.264000000000000057e+02 4.810000000000000142e+01
2.286999999999999886e+02 2.400000000000000000e+01
2.324000000000000057e+02 8.099999999999999645e+00
1.983000000000000114e+02 -2.610000000000000142e+01
2.663000000000000114e+02 -8.650000000000000000e+01
1.885000000000000000e+02 -6.679999999999999716e+01
1.924000000000000057e+02 -1.110999999999999943e+02
