1.901999999999999886e+02 6.189999999999999858e+01
1.896999999999999886e+02 9.459999999999999432e+01
2.406999999999999886e+02 1.022000000000000028e+02
2.350000000000000000e+02 6.740000000000000568e+01
2.161999999999999886e+02 1.130000000000000071e+01
1.999000000000000057e+02 7.000000000000000000e+00
2.045000000000000000e+02 -2.869999999999999929e+01
1.945000000000000000e+02 -4.670000000000000284e+01
2.079000000000000057e+02 -8.609999999999999432e+01
1.924000000000000057e+02 -1.110999999999999943e+02
