1.901999999999999886e+02 6.189999999999999858e+01
1.819000000000000057e+02 9.879999999999999716e+01
2.466999999999999886e+02 1.047000000000000028e+02
2.221999999999999886e+02 5.539999999999999858e+01
2.014000000000000057e+02 2.119999999999999929e+01
1.999000000000000057e+02 5.200000000000000178e+00
2.059000000000000057e+02 -3.260000000000000142e+01
2.071999999999999886e+02 -5.170000000000000284e+01
1.964000000000000057e+02 -8.740000000000000568e+01
1.924000000000000057e+02 -1.110999999999999943e+02
