1.901999999999999886e+02 6.189999999999999858e+01
2.080999999999999943e+02 1.037000000000000028e+02
2.768999999999999773e+02 9.270000000000000284e+01
2.306999999999999886e+02 6.620000000000000284e+01
2.531999999999999886e+02 1.989999999999999858e+01
2.870000000000000000e+02 -5.000000000000000000e+00
2.580000000000000000e+02 -4.550000000000000000e+01
1.961999999999999886e+02 -6.759999999999999432e+01
2.780000000000000000e+02 -9.570000000000000284e+01
1.924000000000000057e+02 -1.110999999999999943e+02
