1.901999999999999886e+02 6.189999999999999858e+01
1.933000000000000114e+02 1.050000000000000000e+02
2.315000000000000000e+02 9.829999999999999716e+01
2.226999999999999886e+02 5.760000000000000142e+01
2.091999999999999886e+02 1.830000000000000071e+01
2.000000000000000000e+02 3.500000000000000000e+00
2.079000000000000057e+02 -3.289999999999999858e+01
2.033000000000000114e+02 -5.070000000000000284e+01
1.979000000000000057e+02 -8.400000000000000000e+01
1.924000000000000057e+02 -1.110999999999999943e+02
