1.901999999999999886e+02 6.189999999999999858e+01
2.009000000000000057e+02 1.045999999999999943e+02
2.160000000000000000e+02 8.729999999999999716e+01
2.638999999999999773e+02 7.570000000000000284e+01
1.995999999999999943e+02 1.219999999999999929e+01
2.000000000000000000e+02 3.500000000000000000e+00
2.391999999999999886e+02 -2.939999999999999858e+01
1.913000000000000114e+02 -5.850000000000000000e+01
2.005000000000000000e+02 -7.900000000000000000e+01
1.924000000000000057e+02 -1.110999999999999943e+02
