1.901999999999999886e+02 6.189999999999999858e+01
2.028000000000000114e+02 1.147000000000000028e+02
2.275999999999999943e+02 8.509999999999999432e+01
2.356999999999999886e+02 6.100000000000000000e+01
2.175999999999999943e+02 1.330000000000000071e+01
2.195000000000000000e+02 1.899999999999999911e+00
1.973000000000000114e+02 -3.300000000000000000e+01
2.014000000000000057e+02 -5.589999999999999858e+01
2.023000000000000114e+02 -8.379999999999999716e+01
1.924000000000000057e+02 -1.110999999999999943e+02
