1.901999999999999886e+02 6.189999999999999858e+01
1.800999999999999943e+02 9.370000000000000284e+01
2.568000000000000114e+02 8.340000000000000568e+01
2.469000000000000057e+02 6.379999999999999716e+01
2.305000000000000000e+02 2.630000000000000071e+01
1.999000000000000057e+02 7.000000000000000000e+00
1.955999999999999943e+02 -4.160000000000000142e+01
2.123000000000000114e+02 -4.510000000000000142e+01
1.889000000000000057e+02 -7.440000000000000568e+01
1.924000000000000057e+02 -1.110999999999999943e+02
