1.901999999999999886e+02 6.189999999999999858e+01
1.765999999999999943e+02 9.390000000000000568e+01
2.310000000000000000e+02 9.809999999999999432e+01
2.051999999999999886e+02 5.879999999999999716e+01
1.996999999999999886e+02 1.050000000000000000e+01
1.999000000000000057e+02 7.000000000000000000e+00
2.138000000000000114e+02 -2.250000000000000000e+01
1.901999999999999886e+02 -6.179999999999999716e+01
1.860999999999999943e+02 -7.329999999999999716e+01
1.924000000000000057e+02 -1.110999999999999943e+02
