1.901999999999999886e+02 6.189999999999999858e+01
1.774000000000000057e+02 9.229999999999999716e+01
2.861000000000000227e+02 9.020000000000000284e+01
2.009000000000000057e+02 5.760000000000000142e+01
2.933000000000000114e+02 2.050000000000000000e+01
2.095000000000000000e+02 1.800000000000000044e+00
2.395000000000000000e+02 -2.730000000000000071e+01
1.923000000000000114e+02 -5.510000000000000142e+01
1.834000000000000057e+02 -7.970000000000000284e+01
1.924000000000000057e+02 -1.110999999999999943e+02
