1.901999999999999886e+02 6.189999999999999858e+01
2.058000000000000114e+02 1.004000000000000057e+02
2.633000000000000114e+02 1.090999999999999943e+02
2.309000000000000057e+02 6.189999999999999858e+01
2.144000000000000057e+02 7.500000000000000000e+00
2.000000000000000000e+02 1.699999999999999956e+00
2.028000000000000114e+02 -4.129999999999999716e+01
1.931999999999999886e+02 -5.179999999999999716e+01
1.856999999999999886e+02 -8.070000000000000284e+01
1.924000000000000057e+02 -1.110999999999999943e+02
