1.901999999999999886e+02 6.189999999999999858e+01
1.810000000000000000e+02 9.620000000000000284e+01
2.535999999999999943e+02 1.025000000000000000e+02
2.220999999999999943e+02 6.370000000000000284e+01
2.088000000000000114e+02 9.099999999999999645e+00
2.109000000000000057e+02 5.500000000000000000e+00
2.144000000000000057e+02 -3.010000000000000142e+01
1.935999999999999943e+02 -5.010000000000000142e+01
2.050999999999999943e+02 -8.500000000000000000e+01
1.924000000000000057e+02 -1.110999999999999943e+02
