1.901999999999999886e+02 6.189999999999999858e+01
1.731999999999999886e+02 1.000000000000000000e+02
2.816000000000000227e+02 8.079999999999999716e+01
2.120000000000000000e+02 6.079999999999999716e+01
2.498000000000000114e+02 8.699999999999999289e+00
2.506999999999999886e+02 -1.969999999999999929e+01
2.833999999999999773e+02 -3.479999999999999716e+01
2.330000000000000000e+02 -7.570000000000000284e+01
2.159000000000000057e+02 -8.070000000000000284e+01
1.924000000000000057e+02 -1.110999999999999943e+02
