1.901999999999999886e+02 6.189999999999999858e+01
2.178000000000000114e+02 1.257000000000000028e+02
2.429000000000000057e+02 7.429999999999999716e+01
2.658000000000000114e+02 7.620000000000000284e+01
1.999000000000000057e+02 7.000000000000000000e+00
2.000000000000000000e+02 3.500000000000000000e+00
2.585000000000000000e+02 -2.260000000000000142e+01
1.901999999999999886e+02 -6.179999999999999716e+01
2.159000000000000057e+02 -8.500000000000000000e+01
1.924000000000000057e+02 -1.110999999999999943e+02
