1.901999999999999886e+02 6.189999999999999858e+01
1.805000000000000000e+02 8.609999999999999432e+01
2.349000000000000057e+02 9.250000000000000000e+01
2.314000000000000057e+02 5.979999999999999716e+01
2.079000000000000057e+02 1.639999999999999858e+01
2.470000000000000000e+02 2.200000000000000178e+00
2.005000000000000000e+02 -2.819999999999999929e+01
1.923000000000000114e+02 -5.510000000000000142e+01
1.820000000000000000e+02 -8.290000000000000568e+01
1.924000000000000057e+02 -1.110999999999999943e+02
