1.901999999999999886e+02 6.189999999999999858e+01
1.866999999999999886e+02 1.014000000000000057e+02
2.430000000000000000e+02 1.032000000000000028e+02
2.206999999999999886e+02 6.120000000000000284e+01
1.986999999999999886e+02 2.260000000000000142e+01
2.044000000000000057e+02 7.099999999999999645e+00
2.065999999999999943e+02 -4.020000000000000284e+01
1.945000000000000000e+02 -4.670000000000000284e+01
1.879000000000000057e+02 -8.559999999999999432e+01
1.924000000000000057e+02 -1.110999999999999943e+02
