1.745000000000000000e+02 9.770000000000000284e+01
2.245999999999999943e+02 9.529999999999999716e+01
2.520000000000000000e+02 8.679999999999999716e+01
1.960000000000000000e+02 3.989999999999999858e+01
2.484000000000000057e+02 3.929999999999999716e+01
2.120000000000000000e+02 -1.899999999999999911e+00
2.725000000000000000e+02 -2.380000000000000071e+01
2.840000000000000000e+02 -8.679999999999999716e+01
2.696000000000000227e+02 -1.315000000000000000e+02
2.661999999999999886e+02 -1.384000000000000057e+02
