1.840000000000000000e+02 1.062000000000000028e+02
2.641999999999999886e+02 1.212999999999999972e+02
2.270000000000000000e+02 7.940000000000000568e+01
2.203000000000000114e+02 5.489999999999999858e+01
2.184000000000000057e+02 2.310000000000000142e+01
2.531999999999999886e+02 3.700000000000000178e+00
2.868999999999999773e+02 -3.310000000000000142e+01
2.275999999999999943e+02 -7.820000000000000284e+01
2.425999999999999943e+02 -1.160000000000000000e+02
2.918000000000000114e+02 -6.959999999999999432e+01
