1.901999999999999886e+02 6.189999999999999858e+01
1.774000000000000057e+02 9.229999999999999716e+01
2.568000000000000114e+02 1.090000000000000000e+02
2.334000000000000057e+02 5.389999999999999858e+01
2.113000000000000114e+02 1.660000000000000142e+01
1.999000000000000057e+02 7.000000000000000000e+00
1.990999999999999943e+02 -3.689999999999999858e+01
1.926999999999999886e+02 -5.339999999999999858e+01
2.070999999999999943e+02 -8.790000000000000568e+01
1.924000000000000057e+02 -1.110999999999999943e+02
