1.901999999999999886e+02 6.189999999999999858e+01
1.770000000000000000e+02 9.409999999999999432e+01
2.675000000000000000e+02 1.027000000000000028e+02
2.129000000000000057e+02 5.110000000000000142e+01
2.183000000000000114e+02 1.719999999999999929e+01
1.999000000000000057e+02 7.000000000000000000e+00
1.963000000000000114e+02 -3.820000000000000284e+01
2.260999999999999943e+02 -5.639999999999999858e+01
1.839000000000000057e+02 -7.990000000000000568e+01
1.924000000000000057e+02 -1.110999999999999943e+02
