1.901999999999999886e+02 6.189999999999999858e+01
1.976999999999999886e+02 1.095999999999999943e+02
2.203000000000000114e+02 8.459999999999999432e+01
2.166999999999999886e+02 4.800000000000000000e+01
2.078000000000000114e+02 9.099999999999999645e+00
1.999000000000000057e+02 7.000000000000000000e+00
2.170999999999999943e+02 -4.620000000000000284e+01
1.935000000000000000e+02 -6.289999999999999858e+01
1.850000000000000000e+02 -7.850000000000000000e+01
1.924000000000000057e+02 -1.110999999999999943e+02
