1.901999999999999886e+02 6.189999999999999858e+01
1.786999999999999886e+02 9.300000000000000000e+01
2.425000000000000000e+02 1.005000000000000000e+02
2.345999999999999943e+02 6.509999999999999432e+01
2.125999999999999943e+02 1.300000000000000000e+01
2.034000000000000057e+02 7.099999999999999645e+00
1.970000000000000000e+02 -3.470000000000000284e+01
2.100999999999999943e+02 -5.629999999999999716e+01
1.899000000000000057e+02 -7.859999999999999432e+01
1.924000000000000057e+02 -1.110999999999999943e+02
