1.840000000000000000e+02 1.062000000000000028e+02
2.520999999999999943e+02 1.230000000000000000e+02
2.268000000000000114e+02 9.390000000000000568e+01
2.563000000000000114e+02 5.450000000000000000e+01
2.436999999999999886e+02 1.919999999999999929e+01
2.379000000000000057e+02 8.300000000000000711e+00
2.376999999999999886e+02 -2.500000000000000000e+01
2.605000000000000000e+02 -8.970000000000000284e+01
2.148000000000000114e+02 -1.047999999999999972e+02
2.918000000000000114e+02 -6.959999999999999432e+01
