1.901999999999999886e+02 6.189999999999999858e+01
1.796999999999999886e+02 1.037000000000000028e+02
2.731000000000000227e+02 1.075999999999999943e+02
1.935999999999999943e+02 5.010000000000000142e+01
1.990999999999999943e+02 1.919999999999999929e+01
1.999000000000000057e+02 7.000000000000000000e+00
2.185999999999999943e+02 -2.880000000000000071e+01
1.936999999999999886e+02 -5.920000000000000284e+01
1.885000000000000000e+02 -6.679999999999999716e+01
1.924000000000000057e+02 -1.110999999999999943e+02
