1.901999999999999886e+02 6.189999999999999858e+01
1.936999999999999886e+02 1.074000000000000057e+02
2.508000000000000114e+02 1.039000000000000057e+02
2.169000000000000057e+02 5.810000000000000142e+01
1.990999999999999943e+02 1.919999999999999929e+01
1.999000000000000057e+02 7.000000000000000000e+00
1.973000000000000114e+02 -3.300000000000000000e+01
1.940999999999999943e+02 -5.020000000000000284e+01
1.975999999999999943e+02 -8.590000000000000568e+01
1.924000000000000057e+02 -1.110999999999999943e+02
