1.740000000000000000e+02 1.005000000000000000e+02
2.084000000000000057e+02 1.107999999999999972e+02
1.921999999999999886e+02 6.990000000000000568e+01
2.128000000000000114e+02 3.370000000000000284e+01
1.995000000000000000e+02 1.400000000000000000e+01
2.983999999999999773e+02 -2.610000000000000142e+01
2.153000000000000114e+02 -3.989999999999999858e+01
2.173000000000000114e+02 -5.820000000000000284e+01
2.718999999999999773e+02 -1.182000000000000028e+02
1.940999999999999943e+02 -4.820000000000000284e+01
