1.901999999999999886e+02 6.189999999999999858e+01
1.845000000000000000e+02 1.065000000000000000e+02
2.499000000000000057e+02 7.170000000000000284e+01
1.935999999999999943e+02 5.010000000000000142e+01
2.068000000000000114e+02 9.000000000000000000e+00
1.999000000000000057e+02 7.000000000000000000e+00
2.670000000000000000e+02 -2.339999999999999858e+01
2.070999999999999943e+02 -7.129999999999999716e+01
2.270000000000000000e+02 -1.035000000000000000e+02
1.924000000000000057e+02 -1.110999999999999943e+02
