1.901999999999999886e+02 6.189999999999999858e+01
1.836999999999999886e+02 9.970000000000000284e+01
2.283000000000000114e+02 9.690000000000000568e+01
2.333000000000000114e+02 6.029999999999999716e+01
2.310999999999999943e+02 1.409999999999999964e+01
2.000000000000000000e+02 3.500000000000000000e+00
2.053000000000000114e+02 -3.620000000000000284e+01
1.945000000000000000e+02 -4.670000000000000284e+01
1.990000000000000000e+02 -8.650000000000000000e+01
1.924000000000000057e+02 -1.110999999999999943e+02
