1.901999999999999886e+02 6.189999999999999858e+01
1.893000000000000114e+02 9.650000000000000000e+01
2.389000000000000057e+02 1.014000000000000057e+02
2.361999999999999886e+02 6.110000000000000142e+01
2.235999999999999943e+02 1.369999999999999929e+01
2.029000000000000057e+02 7.099999999999999645e+00
1.973000000000000114e+02 -3.300000000000000000e+01
1.950000000000000000e+02 -4.860000000000000142e+01
1.995000000000000000e+02 -8.670000000000000284e+01
1.924000000000000057e+02 -1.110999999999999943e+02
