1.901999999999999886e+02 6.189999999999999858e+01
1.856999999999999886e+02 9.259999999999999432e+01
2.228000000000000114e+02 8.779999999999999716e+01
2.518000000000000114e+02 6.279999999999999716e+01
2.336999999999999886e+02 1.219999999999999929e+01
2.175000000000000000e+02 -3.799999999999999822e+00
1.988000000000000114e+02 -3.860000000000000142e+01
1.980000000000000000e+02 -5.860000000000000142e+01
1.885000000000000000e+02 -6.679999999999999716e+01
1.924000000000000057e+02 -1.110999999999999943e+02
