1.776999999999999886e+02 9.179999999999999716e+01
2.125999999999999943e+02 1.227000000000000028e+02
2.283000000000000114e+02 8.759999999999999432e+01
2.435999999999999943e+02 5.620000000000000284e+01
1.986999999999999886e+02 2.260000000000000142e+01
2.165000000000000000e+02 -3.799999999999999822e+00
2.865000000000000000e+02 -4.789999999999999858e+01
2.810000000000000000e+02 -9.129999999999999716e+01
2.631000000000000227e+02 -1.170999999999999943e+02
2.956000000000000227e+02 -5.089999999999999858e+01
