2.586999999999999886e+02 1.493000000000000114e+02
2.094000000000000057e+02 1.105999999999999943e+02
2.051999999999999886e+02 7.720000000000000284e+01
2.163000000000000114e+02 5.650000000000000000e+01
2.065999999999999943e+02 1.730000000000000071e+01
2.660000000000000000e+02 4.599999999999999645e+00
2.271999999999999886e+02 -3.229999999999999716e+01
2.686000000000000227e+02 -8.220000000000000284e+01
2.035000000000000000e+02 -9.429999999999999716e+01
2.626000000000000227e+02 -1.450000000000000000e+02
