1.901999999999999886e+02 6.189999999999999858e+01
1.884000000000000057e+02 1.065999999999999943e+02
2.243000000000000114e+02 7.500000000000000000e+01
2.561999999999999886e+02 7.350000000000000000e+01
2.199000000000000057e+02 7.700000000000000178e+00
2.004000000000000057e+02 5.200000000000000178e+00
2.394000000000000057e+02 -2.310000000000000142e+01
1.906999999999999886e+02 -6.010000000000000142e+01
2.001999999999999886e+02 -9.120000000000000284e+01
1.924000000000000057e+02 -1.110999999999999943e+02
