1.901999999999999886e+02 6.189999999999999858e+01
1.731999999999999886e+02 1.000000000000000000e+02
2.761999999999999886e+02 1.172000000000000028e+02
1.955999999999999943e+02 4.160000000000000142e+01
1.996999999999999886e+02 1.050000000000000000e+01
2.094000000000000057e+02 5.500000000000000000e+00
2.115000000000000000e+02 -4.110000000000000142e+01
2.265000000000000000e+02 -6.279999999999999716e+01
2.083000000000000114e+02 -7.379999999999999716e+01
1.924000000000000057e+02 -1.110999999999999943e+02
