1.901999999999999886e+02 6.189999999999999858e+01
1.790000000000000000e+02 8.920000000000000284e+01
2.156999999999999886e+02 8.940000000000000568e+01
2.048000000000000114e+02 5.300000000000000000e+01
2.166999999999999886e+02 1.900000000000000000e+01
2.538000000000000114e+02 8.900000000000000355e+00
2.021999999999999886e+02 -3.379999999999999716e+01
1.935999999999999943e+02 -5.010000000000000142e+01
1.869000000000000057e+02 -7.929999999999999716e+01
1.924000000000000057e+02 -1.110999999999999943e+02
