1.901999999999999886e+02 6.189999999999999858e+01
1.775000000000000000e+02 1.025000000000000000e+02
2.235000000000000000e+02 6.409999999999999432e+01
2.408000000000000114e+02 6.900000000000000000e+01
1.999000000000000057e+02 7.000000000000000000e+00
2.064000000000000057e+02 7.200000000000000178e+00
2.630000000000000000e+02 -2.300000000000000000e+01
2.075000000000000000e+02 -7.150000000000000000e+01
2.485000000000000000e+02 -1.212000000000000028e+02
1.924000000000000057e+02 -1.110999999999999943e+02
