1.901999999999999886e+02 6.189999999999999858e+01
1.731999999999999886e+02 1.000000000000000000e+02
2.586999999999999886e+02 1.097999999999999972e+02
2.109000000000000057e+02 3.910000000000000142e+01
1.996999999999999886e+02 1.050000000000000000e+01
2.029000000000000057e+02 7.099999999999999645e+00
2.079000000000000057e+02 -4.420000000000000284e+01
1.990000000000000000e+02 -6.850000000000000000e+01
1.873000000000000114e+02 -7.000000000000000000e+01
1.924000000000000057e+02 -1.110999999999999943e+02
