1.901999999999999886e+02 6.189999999999999858e+01
1.731999999999999886e+02 1.000000000000000000e+02
2.586999999999999886e+02 1.045000000000000000e+02
2.134000000000000057e+02 6.120000000000000284e+01
2.133000000000000114e+02 1.680000000000000071e+01
2.000000000000000000e+02 3.500000000000000000e+00
2.121999999999999886e+02 -2.789999999999999858e+01
1.948000000000000114e+02 -6.709999999999999432e+01
1.848000000000000114e+02 -7.650000000000000000e+01
1.924000000000000057e+02 -1.110999999999999943e+02
