1.901999999999999886e+02 6.189999999999999858e+01
1.774000000000000057e+02 9.229999999999999716e+01
2.185999999999999943e+02 8.609999999999999432e+01
2.153000000000000114e+02 6.170000000000000284e+01
2.216999999999999886e+02 1.159999999999999964e+01
2.195000000000000000e+02 1.899999999999999911e+00
2.293000000000000114e+02 -3.839999999999999858e+01
1.906999999999999886e+02 -6.010000000000000142e+01
2.058000000000000114e+02 -8.320000000000000284e+01
1.924000000000000057e+02 -1.110999999999999943e+02
