1.901999999999999886e+02 6.189999999999999858e+01
2.085999999999999943e+02 1.155999999999999943e+02
1.931999999999999886e+02 5.539999999999999858e+01
2.655000000000000000e+02 6.370000000000000284e+01
1.999000000000000057e+02 7.000000000000000000e+00
2.460000000000000000e+02 4.299999999999999822e+00
2.720000000000000000e+02 -2.380000000000000071e+01
1.896999999999999886e+02 -6.350000000000000000e+01
1.924000000000000057e+02 -8.170000000000000284e+01
1.924000000000000057e+02 -1.110999999999999943e+02
