1.901999999999999886e+02 6.189999999999999858e+01
1.929000000000000057e+02 1.069000000000000057e+02
2.420999999999999943e+02 1.002999999999999972e+02
2.188000000000000114e+02 5.860000000000000142e+01
1.990999999999999943e+02 1.919999999999999929e+01
1.999000000000000057e+02 5.200000000000000178e+00
1.986999999999999886e+02 -3.329999999999999716e+01
1.940999999999999943e+02 -4.839999999999999858e+01
1.850000000000000000e+02 -8.240000000000000568e+01
1.924000000000000057e+02 -1.110999999999999943e+02
