1.901999999999999886e+02 6.189999999999999858e+01
1.774000000000000057e+02 9.229999999999999716e+01
2.331999999999999886e+02 9.420000000000000284e+01
2.235999999999999943e+02 5.370000000000000284e+01
2.090000000000000000e+02 2.010000000000000142e+01
2.119000000000000057e+02 5.500000000000000000e+00
2.039000000000000057e+02 -4.329999999999999716e+01
2.048000000000000114e+02 -5.679999999999999716e+01
2.121999999999999886e+02 -9.009999999999999432e+01
1.924000000000000057e+02 -1.110999999999999943e+02
