1.901999999999999886e+02 6.189999999999999858e+01
1.800999999999999943e+02 9.579999999999999716e+01
2.338000000000000114e+02 9.920000000000000284e+01
2.405000000000000000e+02 6.440000000000000568e+01
2.316999999999999886e+02 1.209999999999999964e+01
1.999000000000000057e+02 7.000000000000000000e+00
1.989000000000000057e+02 -4.050000000000000000e+01
1.963000000000000114e+02 -4.529999999999999716e+01
1.963000000000000114e+02 -8.129999999999999716e+01
1.924000000000000057e+02 -1.110999999999999943e+02
