1.901999999999999886e+02 6.189999999999999858e+01
1.896999999999999886e+02 9.459999999999999432e+01
2.431999999999999886e+02 9.340000000000000568e+01
1.940999999999999943e+02 4.839999999999999858e+01
2.121999999999999886e+02 2.789999999999999858e+01
1.999000000000000057e+02 5.200000000000000178e+00
2.074000000000000057e+02 -4.410000000000000142e+01
1.890999999999999943e+02 -6.509999999999999432e+01
1.964000000000000057e+02 -8.740000000000000568e+01
1.924000000000000057e+02 -1.110999999999999943e+02
