1.901999999999999886e+02 6.189999999999999858e+01
1.796999999999999886e+02 9.550000000000000000e+01
2.559000000000000057e+02 1.060000000000000000e+02
2.425999999999999943e+02 5.160000000000000142e+01
1.991999999999999886e+02 1.739999999999999858e+01
2.084000000000000057e+02 5.500000000000000000e+00
1.973000000000000114e+02 -3.300000000000000000e+01
2.028000000000000114e+02 -5.439999999999999858e+01
1.960999999999999943e+02 -8.320000000000000284e+01
1.924000000000000057e+02 -1.110999999999999943e+02
