1.901999999999999886e+02 6.189999999999999858e+01
1.790000000000000000e+02 8.920000000000000284e+01
2.461999999999999886e+02 1.045000000000000000e+02
2.278000000000000114e+02 6.529999999999999716e+01
2.226999999999999886e+02 1.169999999999999929e+01
1.999000000000000057e+02 7.000000000000000000e+00
1.975000000000000000e+02 -3.130000000000000071e+01
1.935999999999999943e+02 -5.010000000000000142e+01
2.008000000000000114e+02 -8.729999999999999716e+01
1.924000000000000057e+02 -1.110999999999999943e+02
