1.901999999999999886e+02 6.189999999999999858e+01
2.273000000000000114e+02 1.311999999999999886e+02
2.818999999999999773e+02 1.025999999999999943e+02
2.496999999999999886e+02 6.690000000000000568e+01
2.260000000000000000e+02 2.980000000000000071e+01
2.510000000000000000e+02 4.400000000000000355e+00
2.185999999999999943e+02 -3.850000000000000000e+01
2.141999999999999886e+02 -7.370000000000000284e+01
2.208000000000000114e+02 -7.600000000000000000e+01
1.924000000000000057e+02 -1.110999999999999943e+02
