1.901999999999999886e+02 6.189999999999999858e+01
2.155000000000000000e+02 1.122000000000000028e+02
2.255999999999999943e+02 7.109999999999999432e+01
2.095999999999999943e+02 5.620000000000000284e+01
2.371999999999999886e+02 1.240000000000000036e+01
2.314000000000000057e+02 8.099999999999999645e+00
2.295999999999999943e+02 -2.010000000000000142e+01
2.238000000000000114e+02 -6.840000000000000568e+01
2.615000000000000000e+02 -1.275999999999999943e+02
1.924000000000000057e+02 -1.110999999999999943e+02
