1.901999999999999886e+02 6.189999999999999858e+01
1.818000000000000114e+02 9.259999999999999432e+01
2.591000000000000227e+02 1.100000000000000000e+02
2.168000000000000114e+02 5.010000000000000142e+01
2.091999999999999886e+02 1.830000000000000071e+01
2.074000000000000057e+02 7.200000000000000178e+00
1.960000000000000000e+02 -3.989999999999999858e+01
1.990000000000000000e+02 -5.150000000000000000e+01
1.826999999999999886e+02 -8.129999999999999716e+01
1.924000000000000057e+02 -1.110999999999999943e+02
