1.745000000000000000e+02 9.770000000000000284e+01
1.834000000000000057e+02 8.940000000000000568e+01
2.154000000000000057e+02 7.000000000000000000e+01
2.445999999999999943e+02 5.420000000000000284e+01
2.144000000000000057e+02 3.010000000000000142e+01
2.120000000000000000e+02 -1.899999999999999911e+00
2.670000000000000000e+02 -2.810000000000000142e+01
2.845000000000000000e+02 -9.520000000000000284e+01
2.696000000000000227e+02 -1.315000000000000000e+02
2.661999999999999886e+02 -1.384000000000000057e+02
