1.901999999999999886e+02 6.189999999999999858e+01
2.008000000000000114e+02 9.579999999999999716e+01
2.550000000000000000e+02 1.082000000000000028e+02
2.056999999999999886e+02 5.710000000000000142e+01
1.991999999999999886e+02 1.739999999999999858e+01
2.164000000000000057e+02 5.700000000000000178e+00
1.973000000000000114e+02 -3.300000000000000000e+01
1.936999999999999886e+02 -5.189999999999999858e+01
1.820000000000000000e+02 -8.290000000000000568e+01
1.924000000000000057e+02 -1.110999999999999943e+02
