2.681999999999999886e+02 1.344000000000000057e+02
1.758000000000000114e+02 9.540000000000000568e+01
2.563000000000000114e+02 7.840000000000000568e+01
2.399000000000000057e+02 6.650000000000000000e+01
2.998000000000000114e+02 1.050000000000000000e+01
2.998000000000000114e+02 -1.050000000000000000e+01
2.118000000000000114e+02 -4.500000000000000000e+01
1.923000000000000114e+02 -5.510000000000000142e+01
2.596000000000000227e+02 -1.049000000000000057e+02
1.804000000000000057e+02 -1.040999999999999943e+02
