1.901999999999999886e+02 6.189999999999999858e+01
1.810000000000000000e+02 9.620000000000000284e+01
2.359000000000000057e+02 8.579999999999999716e+01
1.923000000000000114e+02 5.510000000000000142e+01
2.691999999999999886e+02 2.119999999999999929e+01
2.000000000000000000e+02 0.000000000000000000e+00
2.230999999999999943e+02 -2.939999999999999858e+01
1.890999999999999943e+02 -6.509999999999999432e+01
2.025000000000000000e+02 -9.229999999999999716e+01
1.924000000000000057e+02 -1.110999999999999943e+02
