1.901999999999999886e+02 6.189999999999999858e+01
1.740999999999999943e+02 9.850000000000000000e+01
2.695000000000000000e+02 9.279999999999999716e+01
2.153000000000000114e+02 6.170000000000000284e+01
2.813999999999999773e+02 2.460000000000000142e+01
2.209000000000000057e+02 7.700000000000000178e+00
2.425999999999999943e+02 -3.410000000000000142e+01
1.970000000000000000e+02 -6.020000000000000284e+01
1.993000000000000114e+02 -7.650000000000000000e+01
1.924000000000000057e+02 -1.110999999999999943e+02
