1.885000000000000000e+02 1.087999999999999972e+02
2.610000000000000000e+02 1.390999999999999943e+02
2.568999999999999773e+02 8.029999999999999716e+01
2.671000000000000227e+02 4.310000000000000142e+01
2.269000000000000057e+02 2.880000000000000071e+01
2.306999999999999886e+02 -1.919999999999999929e+01
2.155000000000000000e+02 -2.539999999999999858e+01
2.760000000000000000e+02 -7.470000000000000284e+01
2.470999999999999943e+02 -1.040000000000000000e+02
1.906999999999999886e+02 -6.039999999999999858e+01
