1.901999999999999886e+02 6.189999999999999858e+01
2.104000000000000057e+02 1.215000000000000000e+02
2.328000000000000114e+02 7.790000000000000568e+01
2.591000000000000227e+02 7.429999999999999716e+01
2.081999999999999886e+02 1.819999999999999929e+01
2.290000000000000000e+02 -0.000000000000000000e+00
2.341999999999999886e+02 -3.289999999999999858e+01
1.890999999999999943e+02 -6.509999999999999432e+01
2.238000000000000114e+02 -1.092000000000000028e+02
1.924000000000000057e+02 -1.110999999999999943e+02
