1.901999999999999886e+02 6.189999999999999858e+01
1.780000000000000000e+02 9.659999999999999432e+01
2.610000000000000000e+02 1.107999999999999972e+02
2.330999999999999943e+02 6.679999999999999716e+01
2.094000000000000057e+02 7.299999999999999822e+00
2.019000000000000057e+02 7.000000000000000000e+00
1.966999999999999886e+02 -3.639999999999999858e+01
2.033000000000000114e+02 -5.260000000000000142e+01
1.940000000000000000e+02 -8.429999999999999716e+01
1.924000000000000057e+02 -1.110999999999999943e+02
