1.901999999999999886e+02 6.189999999999999858e+01
2.009000000000000057e+02 1.045999999999999943e+02
1.950999999999999943e+02 5.600000000000000000e+01
2.255999999999999943e+02 5.829999999999999716e+01
1.998000000000000114e+02 8.699999999999999289e+00
2.204000000000000057e+02 7.700000000000000178e+00
2.863999999999999773e+02 -2.510000000000000142e+01
1.890999999999999943e+02 -6.509999999999999432e+01
2.075999999999999943e+02 -9.900000000000000000e+01
1.924000000000000057e+02 -1.110999999999999943e+02
