1.901999999999999886e+02 6.189999999999999858e+01
1.831999999999999886e+02 1.057000000000000028e+02
2.449000000000000057e+02 1.039000000000000057e+02
2.221999999999999886e+02 5.750000000000000000e+01
1.994000000000000057e+02 1.569999999999999929e+01
2.114000000000000057e+02 7.400000000000000355e+00
2.015000000000000000e+02 -3.189999999999999858e+01
2.071999999999999886e+02 -5.360000000000000142e+01
1.970000000000000000e+02 -8.359999999999999432e+01
1.924000000000000057e+02 -1.110999999999999943e+02
