1.901999999999999886e+02 6.189999999999999858e+01
1.758000000000000114e+02 9.540000000000000568e+01
2.618000000000000114e+02 9.790000000000000568e+01
1.960000000000000000e+02 3.989999999999999858e+01
1.999000000000000057e+02 7.000000000000000000e+00
2.000000000000000000e+02 1.699999999999999956e+00
2.099000000000000057e+02 -3.889999999999999858e+01
2.314000000000000057e+02 -5.560000000000000142e+01
1.880999999999999943e+02 -8.770000000000000284e+01
1.924000000000000057e+02 -1.110999999999999943e+02
