1.901999999999999886e+02 6.189999999999999858e+01
1.938000000000000114e+02 9.870000000000000284e+01
2.485000000000000000e+02 1.055000000000000000e+02
2.043000000000000114e+02 5.860000000000000142e+01
2.121999999999999886e+02 1.109999999999999964e+01
1.999000000000000057e+02 5.200000000000000178e+00
2.100999999999999943e+02 -3.520000000000000284e+01
2.100999999999999943e+02 -5.239999999999999858e+01
2.041999999999999886e+02 -9.090000000000000568e+01
1.924000000000000057e+02 -1.110999999999999943e+02
