1.901999999999999886e+02 6.189999999999999858e+01
1.780000000000000000e+02 9.870000000000000284e+01
2.471999999999999886e+02 1.049000000000000057e+02
1.975000000000000000e+02 5.110000000000000142e+01
2.060000000000000000e+02 1.980000000000000071e+01
2.039000000000000057e+02 7.099999999999999645e+00
1.973000000000000114e+02 -3.300000000000000000e+01
1.979000000000000057e+02 -4.939999999999999858e+01
1.829000000000000057e+02 -8.340000000000000568e+01
1.924000000000000057e+02 -1.110999999999999943e+02
