1.901999999999999886e+02 6.189999999999999858e+01
1.805000000000000000e+02 8.609999999999999432e+01
2.753999999999999773e+02 8.420000000000000284e+01
2.504000000000000057e+02 7.179999999999999716e+01
1.999000000000000057e+02 7.000000000000000000e+00
2.100000000000000000e+02 0.000000000000000000e+00
2.529000000000000057e+02 -2.880000000000000071e+01
1.890999999999999943e+02 -6.509999999999999432e+01
1.890999999999999943e+02 -6.509999999999999432e+01
1.924000000000000057e+02 -1.110999999999999943e+02
