1.901999999999999886e+02 6.189999999999999858e+01
1.765999999999999943e+02 9.390000000000000568e+01
2.576999999999999886e+02 1.094000000000000057e+02
2.273000000000000114e+02 6.520000000000000284e+01
2.119000000000000057e+02 7.400000000000000355e+00
2.000000000000000000e+02 3.500000000000000000e+00
1.970000000000000000e+02 -3.470000000000000284e+01
1.926999999999999886e+02 -5.339999999999999858e+01
1.900999999999999943e+02 -7.679999999999999716e+01
1.924000000000000057e+02 -1.110999999999999943e+02
