1.901999999999999886e+02 6.189999999999999858e+01
2.201999999999999886e+02 1.074000000000000057e+02
2.245999999999999943e+02 9.529999999999999716e+01
1.923000000000000114e+02 5.510000000000000142e+01
2.025000000000000000e+02 1.419999999999999929e+01
2.000000000000000000e+02 -1.699999999999999956e+00
1.963000000000000114e+02 -3.820000000000000284e+01
1.890999999999999943e+02 -6.509999999999999432e+01
1.898000000000000114e+02 -8.250000000000000000e+01
1.924000000000000057e+02 -1.110999999999999943e+02
