1.901999999999999886e+02 6.189999999999999858e+01
1.826999999999999886e+02 9.309999999999999432e+01
2.365000000000000000e+02 9.800000000000000000e+01
2.225000000000000000e+02 6.379999999999999716e+01
2.218000000000000114e+02 9.699999999999999289e+00
2.014000000000000057e+02 5.299999999999999822e+00
2.153000000000000114e+02 -3.410000000000000142e+01
1.949000000000000057e+02 -4.500000000000000000e+01
1.971999999999999886e+02 -8.170000000000000284e+01
1.924000000000000057e+02 -1.110999999999999943e+02
