1.901999999999999886e+02 6.189999999999999858e+01
1.805999999999999943e+02 9.600000000000000000e+01
2.389000000000000057e+02 1.014000000000000057e+02
2.196999999999999886e+02 5.889999999999999858e+01
1.995999999999999943e+02 1.219999999999999929e+01
2.204000000000000057e+02 7.700000000000000178e+00
2.014000000000000057e+02 -2.119999999999999929e+01
1.999000000000000057e+02 -6.110000000000000142e+01
1.873000000000000114e+02 -7.000000000000000000e+01
1.924000000000000057e+02 -1.110999999999999943e+02
