1.734000000000000057e+02 9.959999999999999432e+01
2.425000000000000000e+02 1.209000000000000057e+02
2.173000000000000114e+02 7.690000000000000568e+01
2.151999999999999886e+02 3.789999999999999858e+01
2.349000000000000057e+02 2.260000000000000142e+01
2.958000000000000114e+02 1.030000000000000071e+01
2.520000000000000000e+02 -2.210000000000000142e+01
1.955999999999999943e+02 -4.160000000000000142e+01
2.375000000000000000e+02 -1.007999999999999972e+02
1.950999999999999943e+02 -4.420000000000000284e+01
