1.901999999999999886e+02 6.189999999999999858e+01
1.790000000000000000e+02 8.920000000000000284e+01
2.540999999999999943e+02 1.077999999999999972e+02
2.384000000000000057e+02 6.840000000000000568e+01
2.300999999999999943e+02 1.409999999999999964e+01
1.999000000000000057e+02 7.000000000000000000e+00
2.026999999999999886e+02 -3.389999999999999858e+01
1.926999999999999886e+02 -5.339999999999999858e+01
1.978000000000000114e+02 -8.809999999999999432e+01
1.924000000000000057e+02 -1.110999999999999943e+02
