1.901999999999999886e+02 6.189999999999999858e+01
1.884000000000000057e+02 1.087000000000000028e+02
2.410000000000000000e+02 9.490000000000000568e+01
2.074000000000000057e+02 3.289999999999999858e+01
1.994000000000000057e+02 1.569999999999999929e+01
2.000000000000000000e+02 3.500000000000000000e+00
2.054000000000000057e+02 -4.370000000000000284e+01
2.289000000000000057e+02 -4.870000000000000284e+01
1.866999999999999886e+02 -8.709999999999999432e+01
1.924000000000000057e+02 -1.110999999999999943e+02
