1.901999999999999886e+02 6.189999999999999858e+01
2.240999999999999943e+02 1.217000000000000028e+02
2.576000000000000227e+02 7.390000000000000568e+01
2.330999999999999943e+02 6.679999999999999716e+01
2.079000000000000057e+02 7.299999999999999822e+00
1.999000000000000057e+02 7.000000000000000000e+00
2.700000000000000000e+02 -3.310000000000000142e+01
1.901999999999999886e+02 -6.179999999999999716e+01
2.279000000000000057e+02 -1.015000000000000000e+02
1.924000000000000057e+02 -1.110999999999999943e+02
