1.901999999999999886e+02 6.189999999999999858e+01
2.056999999999999886e+02 1.094000000000000057e+02
2.681000000000000227e+02 9.229999999999999716e+01
2.283000000000000114e+02 6.550000000000000000e+01
2.355999999999999943e+02 2.060000000000000142e+01
2.214000000000000057e+02 7.700000000000000178e+00
2.164000000000000057e+02 -2.660000000000000142e+01
2.428000000000000114e+02 -8.120000000000000284e+01
1.885000000000000000e+02 -6.679999999999999716e+01
1.924000000000000057e+02 -1.110999999999999943e+02
