1.901999999999999886e+02 6.189999999999999858e+01
1.731999999999999886e+02 1.000000000000000000e+02
2.338000000000000114e+02 7.820000000000000284e+01
2.591000000000000227e+02 6.220000000000000284e+01
2.450999999999999943e+02 3.439999999999999858e+01
1.999000000000000057e+02 7.000000000000000000e+00
1.991999999999999886e+02 -1.739999999999999858e+01
2.385000000000000000e+02 -7.979999999999999716e+01
2.118000000000000114e+02 -7.290000000000000568e+01
1.924000000000000057e+02 -1.110999999999999943e+02
