1.901999999999999886e+02 6.189999999999999858e+01
1.805000000000000000e+02 8.609999999999999432e+01
2.156999999999999886e+02 8.279999999999999716e+01
2.115000000000000000e+02 6.060000000000000142e+01
2.135999999999999943e+02 1.309999999999999964e+01
2.075000000000000000e+02 3.600000000000000089e+00
2.099000000000000057e+02 -2.950000000000000000e+01
2.139000000000000057e+02 -6.129999999999999716e+01
1.820000000000000000e+02 -8.290000000000000568e+01
1.924000000000000057e+02 -1.110999999999999943e+02
