1.901999999999999886e+02 6.189999999999999858e+01
1.805000000000000000e+02 8.609999999999999432e+01
2.120000000000000000e+02 6.079999999999999716e+01
2.556999999999999886e+02 7.329999999999999716e+01
1.995999999999999943e+02 1.219999999999999929e+01
2.075000000000000000e+02 1.800000000000000044e+00
2.340999999999999943e+02 -2.050000000000000000e+01
1.890999999999999943e+02 -6.509999999999999432e+01
2.180000000000000000e+02 -8.370000000000000284e+01
1.924000000000000057e+02 -1.110999999999999943e+02
