1.901999999999999886e+02 6.189999999999999858e+01
1.974000000000000057e+02 1.005999999999999943e+02
2.430000000000000000e+02 1.032000000000000028e+02
2.469000000000000057e+02 6.379999999999999716e+01
2.114000000000000057e+02 7.400000000000000355e+00
2.259000000000000057e+02 7.900000000000000355e+00
2.356999999999999886e+02 -2.889999999999999858e+01
2.178000000000000114e+02 -7.079999999999999716e+01
1.960999999999999943e+02 -8.940000000000000568e+01
1.924000000000000057e+02 -1.110999999999999943e+02
