1.901999999999999886e+02 6.189999999999999858e+01
1.731999999999999886e+02 1.000000000000000000e+02
2.636999999999999886e+02 1.119000000000000057e+02
2.148000000000000114e+02 6.160000000000000142e+01
1.995999999999999943e+02 1.219999999999999929e+01
2.000000000000000000e+02 3.500000000000000000e+00
1.986999999999999886e+02 -2.260000000000000142e+01
1.901999999999999886e+02 -6.179999999999999716e+01
1.985999999999999943e+02 -7.820000000000000284e+01
1.924000000000000057e+02 -1.110999999999999943e+02
