2.851999999999999886e+02 9.309999999999999432e+01
2.363000000000000114e+02 1.321999999999999886e+02
2.205999999999999943e+02 8.379999999999999716e+01
2.706000000000000227e+02 7.559999999999999432e+01
2.621999999999999886e+02 1.650000000000000000e+01
2.478000000000000114e+02 8.400000000000000355e+00
2.160999999999999943e+02 -2.300000000000000000e+01
2.840000000000000000e+02 -8.940000000000000568e+01
2.495000000000000000e+02 -9.040000000000000568e+01
1.923000000000000114e+02 -5.500000000000000000e+01
