1.901999999999999886e+02 6.189999999999999858e+01
1.774000000000000057e+02 9.229999999999999716e+01
2.380999999999999943e+02 9.140000000000000568e+01
2.120000000000000000e+02 5.679999999999999716e+01
1.998000000000000114e+02 8.699999999999999289e+00
2.139000000000000057e+02 5.599999999999999645e+00
1.980999999999999943e+02 -2.780000000000000071e+01
1.934000000000000057e+02 -6.659999999999999432e+01
2.045000000000000000e+02 -7.850000000000000000e+01
1.924000000000000057e+02 -1.110999999999999943e+02
