1.901999999999999886e+02 6.189999999999999858e+01
1.731999999999999886e+02 1.000000000000000000e+02
2.245000000000000000e+02 6.440000000000000568e+01
2.371999999999999886e+02 5.910000000000000142e+01
2.188000000000000114e+02 9.599999999999999645e+00
2.305000000000000000e+02 -2.000000000000000000e+00
2.385999999999999943e+02 -2.089999999999999858e+01
2.561999999999999886e+02 -8.820000000000000284e+01
2.061999999999999886e+02 -9.840000000000000568e+01
1.924000000000000057e+02 -1.110999999999999943e+02
