1.901999999999999886e+02 6.189999999999999858e+01
1.770999999999999943e+02 9.820000000000000284e+01
2.453000000000000114e+02 1.040999999999999943e+02
2.143000000000000114e+02 3.970000000000000284e+01
2.044000000000000057e+02 7.099999999999999645e+00
2.000000000000000000e+02 -0.000000000000000000e+00
2.005000000000000000e+02 -4.260000000000000142e+01
2.499000000000000057e+02 -6.000000000000000000e+01
2.105999999999999943e+02 -9.379999999999999716e+01
1.924000000000000057e+02 -1.110999999999999943e+02
