1.901999999999999886e+02 6.189999999999999858e+01
1.893000000000000114e+02 9.440000000000000568e+01
2.170999999999999943e+02 8.990000000000000568e+01
2.163000000000000114e+02 6.200000000000000000e+01
1.994000000000000057e+02 1.569999999999999929e+01
2.080000000000000000e+02 -1.800000000000000044e+00
1.978000000000000114e+02 -2.960000000000000142e+01
1.915000000000000000e+02 -6.590000000000000568e+01
2.030999999999999943e+02 -8.200000000000000000e+01
1.924000000000000057e+02 -1.110999999999999943e+02
