1.901999999999999886e+02 6.189999999999999858e+01
1.731999999999999886e+02 1.000000000000000000e+02
2.581999999999999886e+02 1.017000000000000028e+02
2.191999999999999886e+02 6.279999999999999716e+01
2.135999999999999943e+02 1.309999999999999964e+01
2.120000000000000000e+02 1.899999999999999911e+00
2.079000000000000057e+02 -2.550000000000000000e+01
2.076999999999999886e+02 -6.950000000000000000e+01
1.854000000000000057e+02 -7.490000000000000568e+01
1.924000000000000057e+02 -1.110999999999999943e+02
