1.901999999999999886e+02 6.189999999999999858e+01
2.039000000000000057e+02 1.107000000000000028e+02
2.415999999999999943e+02 1.025999999999999943e+02
2.449000000000000057e+02 6.559999999999999432e+01
2.266999999999999886e+02 1.190000000000000036e+01
1.999000000000000057e+02 5.200000000000000178e+00
1.970000000000000000e+02 -3.470000000000000284e+01
1.999000000000000057e+02 -5.360000000000000142e+01
2.114000000000000057e+02 -9.190000000000000568e+01
1.924000000000000057e+02 -1.110999999999999943e+02
