1.901999999999999886e+02 6.189999999999999858e+01
1.854000000000000057e+02 1.049000000000000057e+02
2.550000000000000000e+02 1.082000000000000028e+02
1.960000000000000000e+02 3.989999999999999858e+01
1.998000000000000114e+02 8.699999999999999289e+00
2.000000000000000000e+02 3.500000000000000000e+00
2.030000000000000000e+02 -4.310000000000000142e+01
2.319000000000000057e+02 -5.350000000000000000e+01
1.946999999999999886e+02 -8.870000000000000284e+01
1.924000000000000057e+02 -1.110999999999999943e+02
