1.901999999999999886e+02 6.189999999999999858e+01
1.836999999999999886e+02 9.770000000000000284e+01
2.485000000000000000e+02 1.055000000000000000e+02
2.178000000000000114e+02 5.229999999999999716e+01
2.004000000000000057e+02 1.580000000000000071e+01
1.999000000000000057e+02 7.000000000000000000e+00
1.966999999999999886e+02 -3.639999999999999858e+01
1.955000000000000000e+02 -4.870000000000000284e+01
1.915000000000000000e+02 -8.129999999999999716e+01
1.924000000000000057e+02 -1.110999999999999943e+02
