-2.728000
161.010000
186.365000
35.539000
52.087000
86.780000
-4.633000
146.491000
101.416000
245.945000
306.528000
14.687000
220.594000
282.276000
-2.432000
87.627000
20.152000
200.242000
46.965000
111.978000
35.504000
93.977000
30.931000
-0.647000
208.874000
129.000000
104.947000
0.763000
3.683000
76.272000
200.175000
51.880000
103.057000
65.180000
42.455000
114.022000
144.114000
51.899000
14.393000
4.761000
94.633000
123.241000
70.625000
40.039000
20.474000
113.983000
1.493000
55.021000
82.141000
160.861000
42.491000
57.681000
166.452000
62.474000
-46.112000
44.790000
118.253000
63.080000
12.287000
161.677000
89.595000
5.122000
117.821000
27.626000
30.980000
95.729000
148.653000
144.571000
128.250000
-58.336000
-3.284000
27.521000
27.621000
15.432000
97.464000
32.855000
31.980000
28.538000
3.792000
27.232000
16.135000
8.450000
1.283000
52.572000
37.224000
43.840000
90.585000
-19.246000
41.113000
13.399000
22.615000
-0.340000
11.175000
-3.252000
-8.940000
44.663000
38.010000
34.839000
-20.763000
2.955000
131.273000
1.052000
64.869000
22.907000
5.072000
19.065000
-29.235000
29.616000
12.813000
-23.905000
30.227000
13.601000
3.912000
-25.237000
-39.183000
-30.500000
-5.640000
48.029000
53.047000
78.699000
4.378000
-2.366000
-15.107000
-11.653000
3.701000
-7.204000
31.632000
15.165000
-11.957000
53.006000
16.880000
-32.341000
44.155000
-20.367000
-9.746000
-55.520000
-8.416000
-16.339000
-36.763000
33.906000
-39.410000
-15.184000
-30.836000
24.779000
-18.967000
-23.047000
-56.403000
-39.774000
87.728000
89.379000
-12.568000
-10.826000
-32.069000
-35.655000
3.703000
-13.144000
38.462000
5.938000
99.235000
82.733000
30.875000
15.272000
-31.580000
-27.919000
-4.206000
-21.705000
11.052000
31.014000
-26.912000
70.580000
-5.394000
-2.765000
73.701000
-31.131000
20.941000
-17.952000
-6.650000
18.463000
47.935000
-0.008000
6.881000
-61.965000
-3.812000
-28.273000
-2.569000
6.584000
-22.015000
-22.280000
123.577000
-22.477000
52.367000
-16.123000
-31.453000
-6.241000
-18.016000
8.883000
32.415000
-9.267000
-31.705000
-45.631000
-16.577000
40.196000
-25.669000
91.525000
-17.634000
-30.600000
-29.669000
-51.701000
-20.423000
-28.755000
16.441000
6.243000
-45.153000
-30.731000
-37.473000
-6.303000
-27.260000
12.973000
-16.001000
23.216000
-8.976000
-50.490000
-57.789000
-60.430000
2.567000
88.861000
-43.768000
-18.323000
-31.396000
-49.442000
-36.101000
0.844000
-15.174000
-45.037000
-43.255000
-35.731000
2.496000
-27.873000
-28.854000
-47.285000
-3.991000
-24.580000
-56.648000
21.942000
84.340000
-58.052000
6.275000
-52.810000
-36.817000
-41.792000
-22.211000
-53.621000
-50.355000
-39.333000
13.531000
-23.367000
-56.896000
-47.087000
-15.992000
-67.503000
-11.548000
-49.289000
-63.945000
-38.576000
-13.058000
57.043000
-20.921000
-58.645000
-21.932000
-28.880000
-30.205000
-48.103000
-56.605000
-49.677000
-53.316000
-61.314000
-36.744000
10.644000
-10.067000
-54.085000
-39.283000
49.021000
-29.426000
-56.307000
-61.442000
-42.991000
-37.003000
-29.639000
-26.610000
-40.769000
-57.826000
-47.577000
-8.341000
5.173000
4.657000
-54.206000
-58.164000
-41.979000
-55.865000
-51.343000
-33.709000
-39.055000
-44.428000
-25.703000
-43.739000
-40.665000
-63.970000
-26.267000
-45.314000
-40.776000
48.322000
-42.629000
-40.384000
-36.018000
-41.420000
-38.802000
-66.155000
-54.006000
-34.161000
-54.461000
-62.880000
-36.302000
-11.117000
-47.014000
-60.902000
-40.704000
-42.064000
-47.995000
-59.514000
-10.449000
-50.031000
-32.494000
-42.933000
-19.622000
-45.188000
-24.933000
-47.895000
-58.734000
-60.006000
-34.121000
-34.112000
-53.510000
-61.225000
-37.080000
-60.770000
-53.215000
-18.819000
-44.254000
-62.503000
-49.826000
-57.239000
-33.734000
-46.699000
-55.861000
-53.707000
-53.993000
-48.993000
-62.995000
-48.368000
-47.765000
-53.485000
-56.646000
-52.804000
-47.018000
-55.439000
-41.876000
-62.756000
-33.954000
-34.855000
-42.336000
-53.975000
-55.997000
-13.022000
-68.558000
-59.794000
-45.540000
-42.424000
-38.138000
-32.315000
-52.654000
-58.833000
-18.733000
-12.796000
-58.811000
-64.690000
-61.519000
-52.467000
-37.099000
-52.061000
-54.648000
-58.841000
-26.852000
-54.884000
-53.109000
-35.356000
-36.609000
-58.826000
-46.554000
-50.013000
-50.457000
-44.142000
-14.661000
-56.842000
-60.398000
-50.600000
-50.246000
-48.447000
-46.818000
-48.834000
-63.241000
-57.262000
-28.721000
-25.205000
-56.346000
-51.130000
-47.184000
-57.793000
-59.401000
-34.040000
-55.596000
-72.092000
-53.462000
-32.514000
-58.527000
-57.605000
-42.866000
-52.323000
-59.258000
-54.705000
-47.075000
-37.461000
-55.717000
-57.048000
-40.082000
-45.748000
-62.279000
-57.781000
-47.086000
-40.978000
-36.070000
-47.929000
-58.969000
-68.136000
-50.397000
-65.727000
-53.662000
-64.466000
-60.560000
-53.728000
-35.013000
-45.380000
-62.291000
-70.140000
-49.768000
-49.426000
-49.811000
-46.285000
-61.276000
-59.769000
-48.829000
-43.886000
-60.388000
-68.483000
-49.055000
-66.521000
-43.626000
-69.369000
-55.972000
-65.483000
-65.668000
-53.842000
-46.511000
-60.778000
-58.981000
-62.549000
-57.797000
-42.561000
-50.270000
-41.525000
-61.753000
-55.623000
-67.743000
-37.795000
-57.149000
-60.768000
-66.771000
-49.918000
-67.773000
-55.479000
-56.307000
-75.995000
-41.882000
-49.645000
-37.225000
-54.720000
-50.498000
-40.091000
-55.019000
-67.317000
-67.051000
-61.361000
-69.034000
-64.790000
-55.281000
-49.569000
-53.720000
-64.796000
-54.549000
-64.427000
-40.828000
-70.190000
-64.589000
-70.428000
-60.241000
-65.734000
-69.661000
-51.596000
-49.730000
-51.815000
-70.042000
-63.217000
-68.101000
-42.903000
-72.588000
-64.490000
-68.765000
-64.323000
-71.165000
-65.216000
-40.833000
-58.849000
-55.703000
-54.857000
-63.809000
-62.823000
-69.982000
-59.567000
-54.965000
-67.291000
-64.615000
-57.633000
-62.755000
-62.959000
-70.564000
-58.039000
-68.952000
-49.011000
-65.061000
-63.620000
-74.372000
-69.671000
-63.284000
-57.308000
-85.681000
-71.084000
-65.809000
-71.004000
-60.068000
-73.336000
-71.651000
-58.374000
-61.860000
-57.165000
-70.862000
-74.931000
-60.519000
-55.758000
-61.989000
-65.836000
-66.164000
-73.979000
-73.263000
-58.204000
-70.325000
-65.290000
-61.801000
-75.517000
-73.541000
-64.842000
-73.214000
-63.935000
-69.885000
-56.882000
-59.384000
-76.093000
-69.516000
-62.919000
-59.159000
-54.140000
-73.970000
-62.631000
-62.094000
-65.429000
-66.695000
-67.147000
-75.280000
-79.078000
-68.989000
-67.683000
-60.392000
-65.238000
-66.026000
-70.105000
-75.694000
-80.280000
-71.193000
-71.556000
-65.854000
-63.576000
-64.131000
-62.048000
-60.659000
